 ICRF J000435.6-473619   0002-478          0  4 35.655596  -47 36 19.60356   0.000079  0.00097   .019 2449436.0 2449331.0 2449525.2     3      7
 ICRF J000613.8-062335   0003-066  3 1     0  6 13.892887  - 6 23 35.33485   0.000019  0.00034  -.575 2448728.6 2447177.0 2449566.4    41    114
 ICRF J001052.5-415310   0008-421          0 10 52.519641  -41 53 10.78780   0.000652  0.00728  -.548 2448552.3 2448162.9 2449331.0     2      6
 ICRF J001101.2-261233   0008-264          0 11  1.246752  -26 12 33.37686   0.000035  0.00040  -.427 2448892.9 2447686.6 2449791.2     7     38
 ICRF J001611.0-001512   0013-005          0 16 11.088555  - 0 15 12.44534   0.000020  0.00037  -.675 2448920.8 2447394.6 2449612.4    27    116
 ICRF J002442.9-420203   0022-423          0 24 42.989850  -42  2  3.94978   0.000250  0.00222  -.528 2449004.0 2448162.9 2449896.1     3     10
 ICRF J003824.8+413706   0035+413          0 38 24.843613   41 37  6.00069   0.000053  0.00066  -.266 2449423.4 2449423.4 2449423.4     1     19
 ICRF J005846.5-565911   0056-572          0 58 46.581252  -56 59 11.47054   0.000084  0.00113   .454 2448584.0 2447627.0 2449331.0     4     12
 ICRF J005905.5+000651   0056-001  4 3     0 59  5.514949    0  6 51.62203   0.000033  0.00093   .304 2449187.1 2447006.3 2449660.3    11    173
 ICRF J011137.3+390628   0108+388  4 2     1 11 37.316975   39  6 28.10422   0.000030  0.00035   .077 2449711.7 2449100.2 2449821.0     3    203
 ICRF J011327.0+494824   0110+495          1 13 27.006813   49 48 24.04351   0.000055  0.00060  -.525 2449423.4 2449423.4 2449423.4     1     23
 ICRF J011343.1+022217   0111+021      *   1 13 43.144954    2 22 17.31631   0.000023  0.00038  -.822 2448461.7 2447024.2 2449668.4    28    160
 ICRF J011517.0-012704   0112-017          1 15 17.099966  - 1 27  4.57725   0.000018  0.00031  -.497 2448419.8 2447279.3 2449663.3    57    200
 ICRF J011935.0+321050   0116+319  4 4     1 19 35.000523   32 10 50.05410   0.001257  0.00806   .231 2449284.5 2448788.4 2449821.0     4     10
 ICRF J012031.6-270124   0118-272          1 20 31.663311  -27  1 24.65133   0.000124  0.00112  -.587 2448170.6 2447512.5 2449651.3     2     13
 ICRF J012141.5+114950   0119+115  2 1     1 21 41.595041   11 49 50.41319   0.000018  0.00030  -.429 2448684.0 2447394.6 2449849.3    50    150
 ICRF J012156.8+042224   0119+041  2 1     1 21 56.861698    4 22 24.73438   0.000017  0.00026   .412 2448823.4 2446978.4 2449912.3  1050  23707
 ICRF J014922.3+055553   0146+056  3 1     1 49 22.370918    5 55 53.56852   0.000022  0.00035  -.691 2448208.6 2447289.2 2449737.4    23    107
 ICRF J015002.6-072548   0147-076          1 50  2.697551  - 7 25 48.49067   0.000628  0.00580  -.229 2449688.2 2449535.5 2449896.1     3      7
 ICRF J015310.1-331025   0150-334          1 53 10.121676  -33 10 25.86226   0.000063  0.00142   .164 2447846.5 2447511.6 2448757.9     3     17
 ICRF J015456.2+474326   0151+474          1 54 56.289917   47 43 26.53907   0.000049  0.00046   .002 2449751.3 2449751.3 2449751.3     1     36
 ICRF J015537.0-404842   0153-410          1 55 37.059396  -40 48 42.35592   0.000439  0.00283  -.052 2449203.6 2448767.4 2449535.5     3      9
 ICRF J020213.6-762003   0202-765          2  2 13.694218  -76 20  3.05655   0.002733  0.00592   .145 2448780.7 2448111.4 2449896.1     2      8
 ICRF J020346.6+113445   0201+113  2 1     2  3 46.657063   11 34 45.40956   0.000018  0.00027  -.163 2449140.4 2447237.9 2449925.3   122    856
 ICRF J020450.4+151411   0202+149  2 2     2  4 50.413908   15 14 11.04337   0.000018  0.00026   .194 2449004.9 2445998.3 2449925.3   238   4191
 ICRF J020457.6-170119   0202-172          2  4 57.674364  -17  1 19.84022   0.000031  0.00039  -.097 2448904.7 2447172.0 2449791.2     6     72
 ICRF J022428.4+065923   0221+067  2 2     2 24 28.428183    6 59 23.34182   0.000019  0.00031  -.653 2448790.4 2447394.6 2449663.3    35     77
 ICRF J023145.8+132254   0229+131  2 1     2 31 45.894055   13 22 54.71630   0.000017  0.00026   .341 2448151.0 2444774.3 2449918.3  1314  35363
 ICRF J023752.4+284808   0234+285  3 2     2 37 52.405677   28 48  8.99008   0.000019  0.00026   .160 2447724.4 2444447.5 2449905.3  1021  31420
 ICRF J023945.4-023440   0237-027          2 39 45.472273  - 2 34 40.91378   0.000029  0.00077  -.429 2449376.6 2449254.3 2449555.3     2     32
 ICRF J023951.2+041621   0237+040  2 1     2 39 51.263052    4 16 21.41185   0.000020  0.00036  -.578 2448875.2 2447941.8 2449663.3    20    103
 ICRF J024457.6+622806   0241+622      *   2 44 57.696828   62 28  6.51494   0.000425  0.00185   .022 2449045.9 2448224.2 2449690.5     3     16
 ICRF J025246.1-710435   0252-712          2 52 46.156121  -71  4 35.27541   0.003779  0.02839   .328 2448162.9 2448162.9 2448162.9     1      2
 ICRF J025329.1-544151   0252-549          2 53 29.180453  -54 41 51.43623   0.000055  0.00079   .141 2448887.8 2447627.0 2449896.1     6     18
 ICRF J025334.8+180542   0250+178          2 53 34.882297   18  5 42.52378   0.002758  0.03513  -.999 2448978.0 2448978.0 2448978.0     1      1
 ICRF J030230.5+121856   0259+121  3 1     3  2 30.546782   12 18 56.75084   0.009783  0.12252  -.397 2449643.6 2447941.8 2449821.0    12    130
 ICRF J030642.6+624302   0302+625  2 1     3  6 42.659562   62 43  2.02420   0.000065  0.00058  -.169 2449179.9 2448614.5 2449897.3    21     70
 ICRF J031155.2-765150   0312-770      *   3 11 55.250335  -76 51 50.84843   0.000221  0.00067   .476 2448768.6 2448111.4 2449896.1     3     17
 ICRF J031951.2+190131   0317+188  2 1     3 19 51.256736   19  1 31.29032   0.000028  0.00048  -.737 2449378.1 2448943.0 2449663.3     9     20
 ICRF J033553.9-543025   0334-546          3 35 53.924919  -54 30 25.11446   0.000066  0.00137   .211 2448994.8 2447627.0 2449651.3     5     13
 ICRF J033717.1+013722   0334+014  2 2     3 37 17.108822    1 37 22.74287   0.003043  0.01491   .615 2449396.6 2449178.3 2449695.3     3      4
 ICRF J033930.9-014635   0336-019  2 1 *   3 39 30.937785  - 1 46 35.80391   0.000017  0.00026   .337 2449438.2 2444774.3 2449925.3   303   7113
 ICRF J034423.1+155943   0341+158  2 1     3 44 23.172178   15 59 43.36987   0.000039  0.00132  -.382 2448969.5 2447394.6 2449660.3    11     34
 ICRF J035721.9-481215   0355-483          3 57 21.917867  -48 12 15.16075   0.000092  0.00221   .698 2448656.9 2448162.9 2449331.0     3      9
 ICRF J040221.2-314725   0400-319          4  2 21.266012  -31 47 25.94544   0.000044  0.00052  -.361 2449319.1 2448767.4 2449483.2     4     27
 ICRF J040659.0-382628   0405-385          4  6 59.035298  -38 26 28.04070   0.000189  0.00122  -.367 2448972.4 2448162.9 2449693.1     3     10
 ICRF J040748.4-121136   0405-123      *   4  7 48.430971  -12 11 36.65948   0.000177  0.00123  -.152 2449298.0 2448767.4 2449399.0     2     25
 ICRF J040820.3-654509   0407-658          4  8 20.380244  -65 45  9.07841   0.001072  0.00630  -.236 2448508.3 2448162.9 2448767.4     2      7
 ICRF J040905.7-123848   0406-127          4  9  5.769741  -12 38 48.14414   0.000029  0.00044  -.816 2448895.2 2447941.8 2449791.2    18     35
 ICRF J042356.0+415002   0420+417          4 23 56.009804   41 50  2.71305   0.000029  0.00035   .233 2448365.7 2447569.1 2449695.3    18    173
 ICRF J042747.5+045708   0425+048  3 3     4 27 47.570443    4 57  8.32698   0.000111  0.01110  -.983 2448868.0 2447394.6 2449663.3    12     25
 ICRF J043221.1-510925   0431-512          4 32 21.178158  -51  9 25.18839   0.000237  0.00323   .864 2448510.5 2448044.3 2449896.1     3      7
 ICRF J044017.1-433308   0438-436          4 40 17.179991  -43 33  8.60397   0.000031  0.00038  -.187 2449195.9 2447941.8 2449791.2    20     89
 ICRF J044331.6+344106   0440+345  2 1     4 43 31.635194   34 41  6.66403   0.000037  0.00047  -.050 2449754.6 2448093.5 2449869.3    13    290
 ICRF J044923.3+633209   0444+634          4 49 23.310440   63 32  9.43451   0.000094  0.00066  -.115 2449423.4 2449423.4 2449423.4     1     23
 ICRF J045314.6-280737   0451-282          4 53 14.646803  -28  7 37.32750   0.000100  0.00188  -.694 2448762.4 2447177.0 2449399.0     9     41
 ICRF J045550.7-461558   0454-463          4 55 50.772475  -46 15 58.68148   0.000064  0.00271  -.122 2449016.2 2449016.2 2449016.2     1      6
 ICRF J050112.8-015914   0458-020  2 1     5  1 12.809889  - 1 59 14.25619   0.000017  0.00026   .398 2449316.5 2444774.3 2449925.3   559  15943
 ICRF J050215.4+060907   0459+060  3 1     5  2 15.445934    6  9  7.49448   0.000034  0.00106  -.339 2449686.1 2447394.6 2449821.0     6     94
 ICRF J050401.7-604952   0503-608          5  4  1.701356  -60 49 52.53773   0.000252  0.00138   .520 2448564.2 2448111.4 2449331.0     3     12
 ICRF J050927.4+101144   0506+101          5  9 27.457073   10 11 44.60026   0.000065  0.00130  -.654 2448909.5 2447394.6 2449737.4    28     63
 ICRF J051349.1-215916   0511-220          5 13 49.114333  -21 59 16.09208   0.000052  0.00140  -.550 2448769.2 2447177.0 2449791.2    13     43
 ICRF J051637.7-723707   0517-726          5 16 37.719042  -72 37  7.46573   0.000622  0.00284   .426 2449424.2 2448757.9 2449896.1     3     12
 ICRF J052234.4-610757   0522-611          5 22 34.425537  -61  7 57.13318   0.000069  0.00060   .295 2448382.5 2447627.0 2448757.9     3     15
 ICRF J052531.4-455754   0524-460          5 25 31.400087  -45 57 54.68568   0.000125  0.00164   .521 2449751.3 2449751.3 2449751.3     1     18
 ICRF J053056.4+133155   0528+134  1 1     5 30 56.416744   13 31 55.14954   0.000017  0.00026   .277 2448027.3 2444774.3 2449925.3  1884  51914
 ICRF J053238.9+073243   0529+075          5 32 38.998447    7 32 43.34567   0.000105  0.00111   .252 2448475.4 2444774.3 2449695.3    10     53
 ICRF J053932.0-155030   0537-158          5 39 32.010168  -15 50 30.32097   0.000051  0.00104  -.716 2448284.2 2447941.8 2449031.6     7      9
 ICRF J055530.8+394849   0552+398  2 1     5 55 30.805608   39 48 49.16500   0.000022  0.00026   .108 2448176.1 2444091.0 2449925.3  2343 118072
 ICRF J060309.1+174216   0600+177  2 1     6  3  9.130274   17 42 16.81064   0.000038  0.00111  -.746 2449535.2 2447394.6 2449821.0    23    191
 ICRF J060752.6+672055   0602+673          6  7 52.671683   67 20 55.40986   0.000078  0.00043  -.096 2449751.3 2449751.3 2449751.3     1     37
 ICRF J060759.6-083449   0605-085          6  7 59.699234  - 8 34 49.97806   0.000019  0.00033  -.423 2447996.2 2444774.3 2449751.3    31    149
 ICRF J060940.9-154240   0607-157          6  9 40.949516  -15 42 40.67238   0.000049  0.00140  -.443 2449047.6 2445466.8 2449791.2    19     89
 ICRF J061357.6+130645   0611+131          6 13 57.692754   13  6 45.40144   0.000047  0.00117  -.529 2448946.4 2447394.6 2449668.4     9     27
 ICRF J061635.9-345616   0614-349          6 16 35.981345  -34 56 16.56410   0.005405  0.03903  -.947 2448767.4 2448767.4 2448767.4     1      2
 ICRF J061732.3-363414   0615-365          6 17 32.323936  -36 34 14.80314   0.004648  0.04163  -.969 2448767.4 2448767.4 2448767.4     1      3
 ICRF J062331.7-441302   0622-441          6 23 31.786306  -44 13  2.54171   0.000640  0.00450  -.068 2448162.9 2448162.9 2448162.9     1      5
 ICRF J062419.0+385648   0620+389          6 24 19.021315   38 56 48.73591   0.000025  0.00033  -.016 2449631.5 2449392.2 2449690.5     6    112
 ICRF J063920.9-334600   0637-337          6 39 20.904728  -33 46  0.11360   0.000095  0.00117   .168 2447782.8 2447511.6 2448866.3     3     10
 ICRF J064524.0+212151   0642+214          6 45 24.099488   21 21 51.20191   0.000034  0.00054  -.878 2449126.1 2448093.5 2449663.3    15     43
 ICRF J064814.0-304419   0646-306  2 2     6 48 14.096463  -30 44 19.65964   0.000035  0.00041  -.601 2449132.2 2447640.7 2449663.3     8    145
 ICRF J064848.4-473427   0647-475          6 48 48.452021  -47 34 27.18600   0.005321  0.02110  -.739 2448767.4 2448767.4 2448767.4     1      2
 ICRF J065358.2+370540   0650+371          6 53 58.282844   37  5 40.60649   0.000035  0.00052  -.227 2449030.6 2448349.1 2449751.3    37    113
 ICRF J070001.5+170921   0657+172  2 1     7  0  1.525540   17  9 21.70163   0.000018  0.00027  -.026 2448854.6 2447517.9 2449693.1   113    849
 ICRF J070134.5-463436   0700-465          7  1 34.547145  -46 34 36.62034   0.000469  0.00392  -.332 2448162.9 2448162.9 2448162.9     1      3
 ICRF J072905.4-363945   0727-365          7 29  5.425027  -36 39 45.29030   0.054838  0.28833  -.999 2448767.4 2448767.4 2448767.4     1      1
 ICRF J073816.9-332212   0736-332          7 38 16.949145  -33 22 12.77740   0.000305  0.00193  -.452 2449083.2 2448767.4 2449399.0     2      8
 ICRF J073918.0+013704   0736+017          7 39 18.033894    1 37  4.61797   0.000020  0.00035  -.560 2447554.4 2444774.3 2449600.8    26    130
 ICRF J074202.7+490015   0738+491          7 42  2.748951   49  0 15.60912   0.000042  0.00039  -.096 2449751.3 2449751.3 2449751.3     1     34
 ICRF J074331.6-672625   0743-673          7 43 31.611506  -67 26 25.54618   0.001087  0.06235  -.185 2448601.0 2448111.4 2449535.5     4     17
 ICRF J075052.0+123104   0748+126          7 50 52.045731   12 31  4.82823   0.000019  0.00030  -.154 2447762.0 2444774.3 2449663.3    19    239
 ICRF J080815.5-075109   0805-077  3 1     8  8 15.536036  - 7 51  9.88642   0.000019  0.00032  -.459 2448619.1 2447177.0 2449791.2    27     95
 ICRF J081108.8-492943   0809-493          8 11  8.802530  -49 29 43.50928   0.000722  0.00539  -.152 2448044.3 2448044.3 2448044.3     1      5
 ICRF J081126.7+014652   0808+019  1 1     8 11 26.707322    1 46 52.21998   0.000018  0.00031  -.317 2449269.1 2446978.4 2449821.0    29    279
 ICRF J081815.9+422245   0814+425          8 18 15.999611   42 22 45.41498   0.000024  0.00027   .029 2448209.3 2445139.3 2449690.5   137   1496
 ICRF J082526.8-501038   0823-500          8 25 26.869117  -50 10 38.48735   0.000227  0.00148  -.399 2448784.7 2448162.9 2449896.1     3     21
 ICRF J082538.6+615728   0821+621          8 25 38.612165   61 57 28.57917   0.000111  0.00050   .293 2449423.4 2449423.4 2449423.4     1     28
 ICRF J082550.3+030924   0823+033  2 1     8 25 50.338356    3  9 24.52016   0.000017  0.00026   .123 2449200.2 2445466.8 2449912.3   408  11767
 ICRF J082601.5-223027   0823-223          8 26  1.572952  -22 30 27.20373   0.000123  0.00278  -.556 2447024.1 2446876.3 2447172.0     2     12
 ICRF J083052.0+241059   0827+243          8 30 52.086191   24 10 59.82068   0.000023  0.00037   .003 2448239.3 2447024.2 2449612.4    11    123
 ICRF J083322.3-444138   0831-445          8 33 22.315631  -44 41 38.71463   0.000603  0.00381  -.254 2449028.1 2448044.3 2449896.1     6     15
 ICRF J083520.6-451035   0833-450          8 35 20.655289  -45 10 35.15391   0.001715  0.01125  -.395 2448133.3 2448044.3 2448162.9     2      4
 ICRF J084124.3+705342   0836+710          8 41 24.365236   70 53 42.17328   0.000117  0.00064   .140 2448388.1 2446978.4 2449695.3     7    105
 ICRF J084127.0-754027   0842-754          8 41 27.034888  -75 40 27.87078   0.002953  0.00740  -.514 2448205.8 2448111.4 2448866.3     2      8
 ICRF J085448.8+200630   0851+202  2 1 *   8 54 48.874924   20  6 30.64088   0.000018  0.00026   .086 2447709.2 2444204.2 2449925.3  2173  64014
 ICRF J090216.8-141530   0859-140          9  2 16.830898  -14 15 30.87530   0.000042  0.00044  -.560 2448495.7 2446876.3 2449600.8    20     70
 ICRF J090910.0+012135   0906+015          9  9 10.091601    1 21 35.61770   0.000020  0.00035  -.422 2448304.6 2447006.3 2449751.3    22    186
 ICRF J091437.9+024559   0912+029          9 14 37.913439    2 45 59.24629   0.000072  0.00109  -.898 2448864.2 2447408.1 2449555.3     4     13
 ICRF J092246.4-395935   0920-397          9 22 46.418275  -39 59 35.06753   0.000035  0.00075  -.471 2449065.0 2447686.6 2449912.3    20     90
 ICRF J092314.4+384939   0920+390          9 23 14.452940   38 49 39.91017   0.000025  0.00032  -.134 2449848.4 2449737.4 2449911.3    11    110
 ICRF J092751.8-203451   0925-203          9 27 51.824304  -20 34 51.23227   0.000091  0.00626  -.526 2448662.8 2447941.8 2449517.8    24     68
 ICRF J093032.5-853359   0936-853          9 30 32.571196  -85 33 59.69200   0.004016  0.00396   .068 2448887.8 2448162.9 2449651.3     4     15
 ICRF J095524.7+690113   0951+692          9 55 24.774751   69  1 13.70255   0.000107  0.00065   .123 2449239.0 2449226.3 2449268.3     3     97
 ICRF J100159.9-443800   0959-443         10  1 59.907283  -44 38  0.60564   0.000549  0.00411  -.490 2448507.3 2448044.3 2449896.1     2      8
 ICRF J100614.0-501813   1004-500         10  6 14.009559  -50 18 13.47089   0.001635  0.01727  -.887 2449535.5 2449535.5 2449535.5     1      2
 ICRF J101353.4+244916   1011+250         10 13 53.428730   24 49 16.44127   0.000038  0.00069  -.276 2449233.9 2448354.1 2449695.3    17     42
 ICRF J101725.8+611627   1014+615         10 17 25.887530   61 16 27.49687   0.000085  0.00053   .199 2449423.4 2449423.4 2449423.4     1     34
 ICRF J102232.7-103744   1020-103      *  10 22 32.798030  -10 37 44.38842   0.007404  0.02425   .877 2449651.3 2449651.3 2449651.3     1      2
 ICRF J102444.8+191220   1022+194  2 2    10 24 44.809595   19 12 20.41526   0.000047  0.00099  -.218 2449688.9 2447783.7 2449821.0     8    175
 ICRF J103507.0+562846   1031+567      *  10 35  7.040181   56 28 46.79673   0.000209  0.00185   .562 2448462.7 2447024.2 2449690.5    15     95
 ICRF J104142.9-474006   1039-474         10 41 42.939703  -47 40  6.52738   0.029517  0.28851 -1.000 2449535.5 2449535.5 2449535.5     1      1
 ICRF J104455.9+065538   1042+071         10 44 55.911265    6 55 38.26250   0.000035  0.00069  -.504 2448910.4 2447783.7 2449499.3     5     19
 ICRF J104827.6+714335   1044+719  1 1    10 48 27.619892   71 43 35.93846   0.000056  0.00026   .024 2449652.1 2447605.6 2449910.1   108   4169
 ICRF J105104.7-313814   1048-313         10 51  4.777555  -31 38 14.30773   0.000069  0.00058  -.228 2447672.0 2447640.7 2447686.6     2     22
 ICRF J105653.6+701145   1053+704         10 56 53.617499   70 11 45.91587   0.000057  0.00029  -.010 2449462.5 2449126.2 2449884.3    17    246
 ICRF J110331.5-325116   1101-325      *  11  3 31.526414  -32 51 16.69195   0.000064  0.00183   .297 2448816.1 2447511.6 2449651.3     5      7
 ICRF J110352.2-535700   1101-536         11  3 52.221670  -53 57  0.69643   0.000033  0.00033   .134 2449236.3 2447627.0 2449896.1    25    181
 ICRF J110427.3+381231   1101+384  1 1 *  11  4 27.313906   38 12 31.79908   0.000039  0.00052   .557 2449669.2 2449520.3 2449690.5     2     32
 ICRF J110712.6-682050   1105-680         11  7 12.694528  -68 20 50.72894   0.000304  0.00163   .640 2448935.2 2448388.9 2449331.0     3     19
 ICRF J111826.9-463415   1116-462         11 18 26.957601  -46 34 15.00140   0.000062  0.00082   .491 2448556.6 2448111.4 2449331.0     6     16
 ICRF J112027.8+142054   1117+146  3 4    11 20 27.807269   14 20 54.99422   0.000538  0.00710  -.454 2449207.9 2449099.1 2449534.3     2      4
 ICRF J112704.3-185717   1124-186         11 27  4.392428  -18 57 17.44154   0.000019  0.00030  -.208 2449243.2 2446876.3 2449912.3    91    684
 ICRF J112813.3+592514   1125+596         11 28 13.340725   59 25 14.80002   0.000118  0.00076   .263 2449423.4 2449423.4 2449423.4     1     27
 ICRF J113007.0-144927   1127-145  4 2    11 30  7.052573  -14 49 27.38793   0.000037  0.00114  -.351 2449313.1 2445259.7 2449791.2    26    352
 ICRF J113130.5-050019   1128-047         11 31 30.516713  - 5  0 19.65713   0.000031  0.00061  -.087 2449409.1 2449100.2 2449548.3     4     48
 ICRF J113143.2-581853   1129-580         11 31 43.287417  -58 18 53.44656   0.001192  0.01188   .805 2449535.5 2449535.5 2449535.5     1      2
 ICRF J114701.3-381211   1144-379         11 47  1.370687  -38 12 11.02348   0.000024  0.00030  -.328 2449308.7 2447654.5 2449925.3    64    314
 ICRF J114751.5-072441   1145-071  3 1    11 47 51.554038  - 7 24 41.14107   0.000018  0.00029  -.045 2449195.3 2447177.0 2449820.3    56    464
 ICRF J115043.8-002354   1148-001         11 50 43.870784  - 0 23 54.20485   0.000024  0.00056   .089 2448128.3 2447024.2 2449849.3    17    128
 ICRF J115912.7-094052   1156-094  3 3    11 59 12.711697  - 9 40 52.04888   0.000079  0.00322  -.773 2449323.6 2447941.8 2449791.2     8     17
 ICRF J115931.8+291443   1156+295  2 2    11 59 31.833914   29 14 43.82693   0.000020  0.00026  -.071 2448185.7 2446978.4 2449849.3   285   7176
 ICRF J120935.2-401613   1206-399         12  9 35.243318  -40 16 13.10027   0.018417  0.02742   .244 2447807.7 2447511.6 2448044.3     3      9
 ICRF J121546.7-173145   1213-172         12 15 46.751764  -17 31 45.40287   0.000043  0.00041   .004 2448762.9 2446841.3 2449869.3     4     34
 ICRF J121806.2-460029   1215-457         12 18  6.252147  -46  0 29.01041   0.001021  0.00776  -.811 2448747.0 2448162.9 2449331.0     2      6
 ICRF J122131.6+281358   1219+285         12 21 31.690512   28 13 58.50014   0.000023  0.00034  -.495 2446621.8 2444447.5 2449849.3    27    203
 ICRF J122452.4+033050   1222+037         12 24 52.421888    3 30 50.29322   0.000053  0.00195  -.032 2448144.9 2446503.3 2449577.4    47    185
 ICRF J122454.3-831310   1221-829         12 24 54.383445  -83 13 10.10523   0.003023  0.00611  -.493 2448044.3 2448044.3 2448044.3     1      4
 ICRF J123049.4+122328   1228+126  3 2    12 30 49.423381   12 23 28.04390   0.000034  0.00047  -.057 2449381.0 2446503.3 2449925.3    40    457
 ICRF J123715.2-504623   1234-504         12 37 15.238939  -50 46 23.17192   0.001450  0.00627  -.679 2448767.4 2448767.4 2448767.4     1      6
 ICRF J123943.0-102328   1237-101         12 39 43.061423  -10 23 28.69259   0.000043  0.00064   .221 2449399.0 2449399.0 2449399.0     1      8
 ICRF J123959.4-113722   1237-113         12 39 59.430198  -11 37 22.98492   0.001402  0.01335  -.675 2449890.2 2449884.3 2449896.1     2      4
 ICRF J124251.3+375100   1240+381         12 42 51.369079   37 51  0.02510   0.000051  0.00042  -.316 2449534.7 2449430.4 2449751.3     2     80
 ICRF J124604.2-073046   1243-072         12 46  4.232116  - 7 30 46.57478   0.000027  0.00046  -.578 2447836.5 2447177.0 2449499.3    11     40
 ICRF J124646.8-254749   1244-255         12 46 46.802038  -25 47 49.28871   0.000020  0.00029  -.299 2449085.9 2446876.3 2449896.1    87    557
 ICRF J125359.5-405930   1251-407         12 53 59.533598  -40 59 30.68936   0.000171  0.00503   .543 2449814.5 2449651.3 2449896.1     2      9
 ICRF J125614.2+565225   1254+571      *  12 56 14.233964   56 52 25.23721   0.000105  0.00096   .656 2449690.5 2449690.5 2449690.5     1     24
 ICRF J125759.0-315516   1255-316         12 57 59.060767  -31 55 16.85182   0.000025  0.00041   .220 2449501.2 2447640.7 2449912.3    13    208
 ICRF J130533.0-103319   1302-102      *  13  5 33.015018  -10 33 19.42796   0.000020  0.00033  -.481 2448565.7 2447177.0 2449600.8    25     78
 ICRF J130933.9+115424   1307+121  3 2    13  9 33.932424   11 54 24.55204   0.000044  0.00076   .098 2449705.8 2449100.2 2449821.0     3    137
 ICRF J131607.9-333859   1313-333  1 1    13 16  7.985934  -33 38 59.17236   0.000024  0.00031  -.466 2449069.7 2447416.2 2449693.1    67    322
 ICRF J131736.4+342515   1315+346  2 1 *  13 17 36.494181   34 25 15.93257   0.000025  0.00049  -.464 2449170.2 2447946.9 2449690.5    21     88
 ICRF J132304.2-445233   1320-446         13 23  4.245804  -44 52 33.85272   0.000623  0.00321   .149 2449066.0 2448767.4 2449896.1     3     17
 ICRF J132527.6-430108   1322-427         13 25 27.615217  -43  1  8.80528   0.000198  0.00161   .732 2449206.3 2448111.4 2449896.1     3     14
 ICRF J132616.5+315409   1323+321  4 4    13 26 16.511396   31 54  9.51991   0.000188  0.00199   .028 2449399.3 2448224.2 2449542.7     6    110
 ICRF J133108.2+303032   1328+307         13 31  8.288145   30 30 32.95986   0.000094  0.00119   .442 2449096.4 2448788.4 2449499.3     4     25
 ICRF J133237.5-664650   1329-665         13 32 37.517448  -66 46 50.44682   0.092072  0.94670   .979 2448767.4 2448767.4 2448767.4     1      1
 ICRF J133752.4-650924   1334-649         13 37 52.444609  -65  9 24.89757   0.000798  0.00335  -.259 2448970.2 2448044.3 2449896.1     2     10
 ICRF J134022.9+375443   1338+381      *  13 40 22.951763   37 54 43.83468   0.000111  0.00120  -.483 2449287.9 2449031.6 2449849.3     7     29
 ICRF J134733.3+121724   1345+125  4 4    13 47 33.361635   12 17 24.24023   0.000028  0.00064   .032 2449298.0 2447660.2 2449542.7     9    187
 ICRF J135256.5-441240   1349-439         13 52 56.534909  -44 12 40.38741   0.000038  0.00066  -.548 2448912.1 2448111.4 2449693.1    16     49
 ICRF J135406.8-020603   1351-018         13 54  6.895314  - 2  6  3.19053   0.000018  0.00030   .023 2449625.8 2448574.3 2449911.3    38    417
 ICRF J135546.6-632642   1352-632         13 55 46.611660  -63 26 42.57485   0.000518  0.00349   .265 2449574.1 2449535.5 2449651.3     2      6
 ICRF J135711.2-152728   1354-152         13 57 11.244965  -15 27 28.78636   0.000020  0.00031  -.512 2448251.9 2446876.3 2449663.3    91    309
 ICRF J135755.3+764321   1357+769  1 1    13 57 55.371524   76 43 21.05116   0.000076  0.00026  -.068 2449585.7 2447011.9 2449925.3   178  17427
 ICRF J135900.1-415252   1355-416         13 59  0.183255  -41 52 52.63210   0.001757  0.01158  -.393 2448111.4 2448111.4 2448111.4     1      4
 ICRF J140445.8-013021   1402-012         14  4 45.895486  - 1 30 21.94945   0.000122  0.00160   .297 2449288.1 2448665.3 2449690.5     6     34
 ICRF J140501.1+041535   1402+044  2 1    14  5  1.119805    4 15 35.81906   0.000018  0.00031  -.212 2449590.1 2448889.2 2449884.3    33    322
 ICRF J140856.4-075226   1406-076         14  8 56.481199  - 7 52 26.66622   0.000041  0.00043  -.673 2448702.0 2447177.0 2449791.2    22     58
 ICRF J141154.8+213423   1409+218         14 11 54.862136   21 34 23.43722   0.000076  0.00209  -.406 2449001.9 2448863.7 2449499.3     2     23
 ICRF J141946.6+382148   1417+385         14 19 46.613740   38 21 48.47498   0.000050  0.00054  -.193 2449751.3 2449751.3 2449751.3     1     30
 ICRF J141959.2+270625   1417+273         14 19 59.297083   27  6 25.55244   0.000070  0.00166  -.455 2448930.8 2448863.7 2449534.3     2     30
 ICRF J142230.3+322310   1420+326         14 22 30.379016   32 23 10.43924   0.000082  0.00579  -.568 2449087.3 2448863.7 2449534.3     2      9
 ICRF J142700.3+234800   1424+240      *  14 27  0.391837   23 48  0.03493   0.000073  0.00149  -.500 2448914.7 2448863.7 2449555.3     3     40
 ICRF J143257.6-180135   1430-178         14 32 57.690619  -18  1 35.24845   0.000059  0.00445  -.897 2448768.1 2448160.8 2449566.4    13     23
 ICRF J143439.7+195200   1432+200  2 1    14 34 39.793350   19 52  0.73552   0.000141  0.00099   .016 2449740.5 2448863.7 2449821.0     3    169
 ICRF J143535.4+301224   1433+304  2 1    14 35 35.402170   30 12 24.51975   0.000173  0.00211   .168 2448927.3 2448863.7 2449499.3     2     10
 ICRF J143809.4-220454   1435-218         14 38  9.469411  -22  4 54.74790   0.000081  0.00069  -.746 2448901.9 2447177.0 2449446.1    23     60
 ICRF J144553.3-162901   1443-162         14 45 53.376319  -16 29  1.61908   0.000032  0.00046  -.872 2448584.4 2447941.8 2449566.4    13     29
 ICRF J145427.4-374733   1451-375         14 54 27.409777  -37 47 33.14437   0.000029  0.00047  -.010 2448839.9 2447511.6 2449651.3    12     60
 ICRF J145432.9-401232   1451-400         14 54 32.912346  -40 12 32.51446   0.000029  0.00037  -.050 2449399.8 2447640.7 2449896.1    14    108
 ICRF J150506.4+032630   1502+036         15  5  6.477205    3 26 30.81298   0.000032  0.00075  -.180 2449101.5 2448854.3 2449555.3     3     49
 ICRF J150704.7-165230   1504-166         15  7  4.786942  -16 52 30.26722   0.000021  0.00032  -.659 2448399.0 2446841.3 2449695.3    39    122
 ICRF J151002.9+570243   1508+572         15 10  2.922371   57  2 43.37606   0.000035  0.00030  -.067 2449716.4 2449542.3 2449918.3     8    213
 ICRF J151344.8-101200   1511-100         15 13 44.893455  -10 12  0.26452   0.000024  0.00038  -.685 2448338.3 2446876.3 2449612.4    23     68
 ICRF J151741.8-242219   1514-241      *  15 17 41.813134  -24 22 19.47579   0.000026  0.00035  -.702 2448400.9 2446841.3 2449566.4    20     59
 ICRF J152237.6-273010   1519-273         15 22 37.675993  -27 30 10.78535   0.000020  0.00029  -.206 2449034.3 2446876.3 2449896.1   119    531
 ICRF J154929.4+023701   1546+027  2 1    15 49 29.436848    2 37  1.16336   0.000018  0.00032  -.362 2449031.4 2447006.3 2449849.3    29    240
 ICRF J155059.1-825806   1540-828         15 50 59.144724  -82 58  6.84194   0.004432  0.00508   .149 2448779.6 2448044.3 2449331.0     2      7
 ICRF J155751.4-000150   1555+001         15 57 51.433965  - 0  1 50.41366   0.000018  0.00030  -.570 2448288.2 2444774.3 2449660.3    62    235
 ICRF J155821.9-140959   1555-140         15 58 21.949635  -14  9 59.07210   0.001209  0.01638  -.999 2448833.9 2448704.6 2448978.0     4      4
 ICRF J155930.9+030448   1557+032         15 59 30.972613    3  4 48.25682   0.000029  0.00040  -.133 2449678.5 2449542.3 2449884.3     7     91
 ICRF J160140.4+431647   1600+432         16  1 40.443935   43 16 47.75702   0.000164  0.00210  -.012 2449884.3 2449884.3 2449884.3     1      5
 ICRF J160140.5+431646   1600+431         16  1 40.515432   43 16 46.47617   0.000161  0.00471   .292 2449884.3 2449884.3 2449884.3     1      3
 ICRF J160431.0-444131   1600-445         16  4 31.020029  -44 41 31.95353   0.042414  0.65519   .999 2449535.5 2449535.5 2449535.5     1      1
 ICRF J161341.0+341247   1611+343  3 1 *  16 13 41.064250   34 12 47.90905   0.000021  0.00026  -.216 2448649.3 2444774.3 2449925.3   834  27514
 ICRF J161637.5+045932   1614+051         16 16 37.556818    4 59 32.73653   0.000018  0.00030  -.154 2449199.6 2447605.6 2449905.3    41    296
 ICRF J162606.0-295126   1622-297         16 26  6.020829  -29 51 26.97074   0.000029  0.00038  -.613 2448641.0 2446841.3 2449918.3    20    124
 ICRF J165039.5-294346   1647-296         16 50 39.544133  -29 43 46.95469   0.000072  0.00082  -.958 2448974.4 2448346.5 2449663.3    13     17
 ICRF J165352.2+394536   1652+398  3 2 *  16 53 52.216693   39 45 36.60877   0.000023  0.00029  -.029 2449018.7 2445998.3 2449911.3    25    420
 ICRF J165802.7+473749   1656+477         16 58  2.779637   47 37 49.23143   0.000044  0.00045   .000 2449234.5 2449185.4 2449499.3     2     32
 ICRF J165809.0+074127   1655+077         16 58  9.011473    7 41 27.54050   0.000021  0.00037  -.387 2448579.4 2447408.1 2449660.3    15     96
 ICRF J165833.4+051516   1656+053         16 58 33.447346    5 15 16.44429   0.000018  0.00031  -.089 2448005.8 2444774.3 2449430.4    41    584
 ICRF J170053.1-261051   1657-261         17  0 53.154046  -26 10 51.72492   0.000024  0.00033  -.620 2448239.1 2446876.3 2449663.3    36    123
 ICRF J170717.7+453610   1705+456  3 2    17  7 17.753406   45 36 10.55272   0.000069  0.00077  -.079 2449683.0 2448435.2 2449821.0     6    183
 ICRF J173315.1-372232   1729-373         17 33 15.192721  -37 22 32.39565   0.000550  0.00354  -.335 2449651.3 2449651.3 2449651.3     1      2
 ICRF J173420.5+385751   1732+389         17 34 20.578531   38 57 51.44298   0.000023  0.00029  -.174 2448576.5 2446978.4 2449600.8    43    257
 ICRF J173549.0+504911   1734+508         17 35 49.005166   50 49 11.56586   0.000037  0.00042   .219 2449430.4 2449430.4 2449430.4     1     87
 ICRF J173735.7-563403   1733-565         17 37 35.770462  -56 34  3.15477   0.000665  0.00430   .887 2449174.0 2448388.9 2449331.0     2      6
 ICRF J173927.3+495503   1738+499         17 39 27.390512   49 55  3.36831   0.000039  0.00037  -.118 2449591.1 2449423.4 2449751.3     3     92
 ICRF J173957.1+473758   1738+476  2 1    17 39 57.129064   47 37 58.36131   0.000031  0.00034   .176 2448365.0 2447289.2 2449849.3    13    135
 ICRF J174036.9+521143   1739+522  2 1    17 40 36.977847   52 11 43.40753   0.000028  0.00026  -.104 2448846.9 2447166.3 2449910.1  1006  58894
 ICRF J174425.4-514443   1740-517         17 44 25.450704  -51 44 43.79284   0.000633  0.00373   .627 2448767.4 2448767.4 2448767.4     1      5
 ICRF J174726.6+465850   1746+470         17 47 26.647300   46 58 50.92630   0.000036  0.00037  -.231 2449596.8 2449423.4 2449751.3     3     89
 ICRF J175132.8+093900   1749+096  1 1    17 51 32.818576    9 39  0.72846   0.000017  0.00026  -.436 2448924.3 2444447.5 2449925.3   825  20158
 ICRF J175151.2-252400   1748-253         17 51 51.263054  -25 24  0.06011   0.000470  0.00503   .230 2448802.8 2448111.4 2449099.1     2     10
 ICRF J180024.7+384830   1758+388         18  0 24.765360   38 48 30.69771   0.000024  0.00029  -.052 2449570.5 2449430.4 2449827.3     4    157
 ICRF J180045.6+782804   1803+784  2 1 *  18  0 45.683911   78 28  4.01854   0.000087  0.00026  -.027 2447884.5 2445139.3 2449918.3  1620  68029
 ICRF J180650.6+694928   1807+698         18  6 50.680653   69 49 28.10859   0.000052  0.00027   .032 2448182.3 2445998.3 2449883.3    50    423
 ICRF J180821.8+454220   1806+456         18  8 21.885910   45 42 20.86644   0.000034  0.00040  -.338 2449495.9 2449423.4 2449548.3     2     50
 ICRF J180957.8-455241   1806-458         18  9 57.871831  -45 52 41.01367   0.000485  0.00233  -.565 2449630.1 2449630.1 2449630.1     1      2
 ICRF J181935.0-634548   1814-637         18 19 35.002525  -63 45 48.19427   0.000794  0.00851  -.293 2449277.6 2448162.9 2449896.1     3     12
 ICRF J182057.8-252812   1817-254         18 20 57.848684  -25 28 12.58397   0.000119  0.00104  -.117 2449363.3 2448805.4 2449834.3     4     24
 ICRF J182402.8+104423   1821+107  3 1    18 24  2.855269   10 44 23.77392   0.000020  0.00036  -.156 2448819.6 2445466.8 2449791.2    20    341
 ICRF J183537.2-714958   1829-718         18 35 37.205091  -71 49 58.21900   0.001166  0.00475   .412 2448767.4 2448767.4 2448767.4     1      7
 ICRF J183728.7-710843   1831-711         18 37 28.714952  -71  8 43.55453   0.000064  0.00033  -.004 2448850.5 2447627.0 2449693.1    17    189
 ICRF J191109.6-200655   1908-201         19 11  9.652867  -20  6 55.10860   0.000030  0.00091  -.623 2448874.7 2446841.3 2449791.2    41    153
 ICRF J192332.1-210433   1920-211         19 23 32.189804  -21  4 33.33284   0.000024  0.00035  -.724 2448638.2 2447408.1 2449663.3    40     92
 ICRF J192559.6+210626   1923+210         19 25 59.605374   21  6 26.16209   0.000019  0.00028  -.197 2448373.3 2445139.3 2449663.3   109    665
 ICRF J192840.8+084848   1926+087         19 28 40.855498    8 48 48.41260   0.000075  0.00258   .041 2449678.8 2449542.3 2449690.5     3     29
 ICRF J193006.1-605609   1925-610         19 30  6.160015  -60 56  9.18402   0.000082  0.00098  -.157 2448439.0 2447627.0 2449331.0     5     18
 ICRF J193124.9+224331   1929+226  1 1    19 31 24.916786   22 43 31.25884   0.000029  0.00050  -.149 2449755.7 2448614.5 2449905.3     9    256
 ICRF J193435.0+104340   1932+106         19 34 35.025577   10 43 40.36503   0.000050  0.00173  -.310 2449690.5 2449690.5 2449690.5     1     22
 ICRF J193510.4+203154   1932+204  1 1    19 35 10.472891   20 31 54.15344   0.000041  0.00137   .232 2449168.6 2448805.4 2449555.3     5     22
 ICRF J193716.2-395801   1933-400         19 37 16.217368  -39 58  1.55290   0.000034  0.00046  -.604 2448597.2 2447640.7 2449663.3    23     85
 ICRF J193925.0-634245   1934-638         19 39 25.026661  -63 42 45.62554   0.000430  0.00187  -.214 2448963.8 2448767.4 2449651.3     2      9
 ICRF J193926.6-152543   1936-155         19 39 26.657726  -15 25 43.05792   0.000029  0.00108  -.839 2448723.0 2447177.0 2449663.3    22     62
 ICRF J193957.2-100241   1937-101         19 39 57.256570  -10  2 41.52067   0.000027  0.00096  -.215 2449358.0 2448111.4 2449651.3     5     77
 ICRF J194121.7-621121   1936-623         19 41 21.768473  -62 11 21.05558   0.000753  0.00583  -.331 2448162.9 2448162.9 2448162.9     1      5
 ICRF J194606.2+230004   1943+228         19 46  6.251939   23  0  4.41107   0.000518  0.00620  -.408 2448861.5 2448798.3 2448920.4     3     10
 ICRF J195330.8+353759   1951+355  2 1    19 53 30.875733   35 37 59.36071   0.000073  0.00207   .554 2449145.3 2448920.4 2449534.3     3     32
 ICRF J195740.5+333827   1955+335      *  19 57 40.550036   33 38 27.94555   0.000099  0.00148  -.429 2449164.3 2449099.1 2449555.3     2     21
 ICRF J200925.3-484953   2005-489      *  20  9 25.390729  -48 49 53.72128   0.000643  0.00737   .369 2448834.3 2447627.0 2449751.3     7     36
 ICRF J202510.8+334300   2023+335  3 3    20 25 10.842102   33 43  0.21600   0.000142  0.00193  -.454 2448977.0 2448224.2 2449668.4     4     27
 ICRF J204008.7-250746   2037-253         20 40  8.772845  -25  7 46.66253   0.000060  0.00056  -.420 2448666.6 2447686.6 2449651.3     3     18
 ICRF J205741.6-373402   2054-377         20 57 41.603472  -37 34  2.98978   0.000258  0.00195  -.426 2449090.0 2448162.9 2449399.0     2     12
 ICRF J210159.1-421916   2058-425         21  1 59.114188  -42 19 16.16206   0.000936  0.00935   .669 2449018.1 2448162.9 2449896.1     4     11
 ICRF J210217.0+470216   2100+468      *  21  2 17.056050   47  2 16.25468   0.000181  0.00193   .186 2449467.7 2449178.3 2449690.5     3     10
 ICRF J211810.5-301911   2115-305         21 18 10.597647  -30 19 11.60596   0.000236  0.00247  -.741 2448904.6 2448162.9 2449399.0     2      5
 ICRF J212912.1-153841   2126-158         21 29 12.175895  -15 38 41.04054   0.000020  0.00033  -.242 2449109.9 2447177.0 2449884.3    44    163
 ICRF J213410.3-015317   2131-021  2 1    21 34 10.309614  - 1 53 17.23883   0.000018  0.00030  -.537 2448519.5 2447177.0 2449737.4    56    195
 ICRF J214710.1+092946   2144+092         21 47 10.162975    9 29 46.67236   0.000020  0.00032  -.284 2447658.6 2445998.3 2449849.3    23    321
 ICRF J214712.7-753613   2142-758         21 47 12.730293  -75 36 13.22513   0.000192  0.00060   .280 2448290.1 2447627.0 2448750.1     4     14
 ICRF J215137.8+055212   2149+056         21 51 37.875502    5 52 12.95459   0.000021  0.00034  -.662 2448378.3 2445466.8 2449663.3    23    125
 ICRF J215705.9-694123   2152-699         21 57  5.980566  -69 41 23.68553   0.000212  0.00132   .780 2448509.5 2448111.4 2449331.0     3     11
 ICRF J215852.0-301332   2155-304         21 58 52.065068  -30 13 32.11840   0.000354  0.00191  -.376 2449254.1 2448767.4 2449896.1     3     14
 ICRF J221302.4-252930   2210-257         22 13  2.498009  -25 29 30.08140   0.000084  0.00201  -.400 2448702.1 2446876.3 2449695.3     3     13
 ICRF J221438.5-383545   2211-388         22 14 38.569326  -38 35 45.01022   0.000564  0.00353   .160 2449128.3 2448767.4 2449399.0     2      7
 ICRF J221620.0+351814   2214+350         22 16 20.009936   35 18 14.18072   0.000051  0.00080  -.197 2449751.3 2449751.3 2449751.3     1     28
 ICRF J222547.2-045701   2223-052         22 25 47.259294  - 4 57  1.39048   0.000019  0.00061  -.646 2448183.5 2444774.3 2449737.4    34    111
 ICRF J222940.0-083254   2227-088  1 1    22 29 40.084339  - 8 32 54.43530   0.000018  0.00062  -.309 2449215.7 2445466.8 2449821.0    37    208
 ICRF J223040.2-394252   2227-399         22 30 40.278611  -39 42 52.06692   0.000053  0.00106   .510 2448897.4 2448162.9 2449896.1     4     16
 ICRF J223622.4+282857   2234+282  2 1    22 36 22.470868   28 28 57.41338   0.000019  0.00026   .100 2448611.7 2445726.3 2449925.3  1125  34156
 ICRF J223634.0-143322   2233-148         22 36 34.087158  -14 33 22.18931   0.000055  0.00062  -.694 2448636.6 2447177.0 2449663.3    16     32
 ICRF J224838.6-323552   2245-328         22 48 38.685719  -32 35 52.18748   0.000073  0.00161  -.795 2448729.4 2447394.6 2449663.3    26     85
 ICRF J225504.2-084404   2252-090  3 3    22 55  4.239777  - 8 44  4.02151   0.000057  0.00234  -.619 2449611.3 2447394.6 2449821.0    17    137
 ICRF J225536.7+420252   2253+417         22 55 36.707842   42  2 52.53256   0.000027  0.00031  -.146 2448127.8 2447006.3 2449663.3    46    266
 ICRF J225717.5+024317   2254+024  1 1    22 57 17.563086    2 43 17.51193   0.000022  0.00050  -.679 2448810.4 2447394.6 2449849.3    22    122
 ICRF J230223.8-371806   2259-375         23  2 23.888469  -37 18  6.84027   0.008831  0.06321  -.434 2448747.0 2448162.9 2449331.0     2      2
 ICRF J230305.8-303011   2300-307         23  3  5.821287  -30 30 11.47289   0.021640  0.03255   .246 2448369.0 2448111.4 2449399.0     2      5
 ICRF J230343.5-680737   2300-683      *  23  3 43.565673  -68  7 37.45706   0.035391  0.45061  -.999 2449651.3 2449651.3 2449651.3     1      1
 ICRF J231409.3-445549   2311-452         23 14  9.382823  -44 55 49.23782   0.000320  0.00259   .111 2448863.8 2448162.9 2449331.0     2     10
 ICRF J232044.8+051349   2318+049         23 20 44.856618    5 13 49.95245   0.000019  0.00032  -.606 2448447.2 2447020.4 2449668.4    35    166
 ICRF J232331.9-031705   2320-035         23 23 31.953753  - 3 17  5.02363   0.000018  0.00040  -.552 2448886.7 2447394.6 2449737.4    54    193
 ICRF J232747.9-144755   2325-150         23 27 47.964255  -14 47 55.75021   0.000051  0.00102   .302 2448034.7 2447177.0 2449535.5     2     11
 ICRF J233040.8+110018   2328+107         23 30 40.852252   11  0 18.70971   0.000020  0.00032  -.498 2448251.4 2446978.4 2449612.4    27    157
 ICRF J233355.2-234340   2331-240         23 33 55.237802  -23 43 40.65782   0.000080  0.00233  -.773 2448804.3 2446876.3 2449399.0    25     67
 ICRF J233612.1-523621   2333-528         23 36 12.144624  -52 36 21.94997   0.000534  0.00372   .468 2448580.1 2448111.4 2449574.1     3      9
 ICRF J233757.3-023057   2335-027  3 1    23 37 57.339083  - 2 30 57.62923   0.000096  0.00784  -.716 2448730.4 2447941.8 2449600.8    24     40
 ICRF J234636.8+093045   2344+092         23 46 36.838560    9 30 45.51493   0.000020  0.00032  -.458 2448574.1 2447289.2 2449668.4    25    122
 ICRF J235430.1-151311   2351-154         23 54 30.195186  -15 13 11.21285   0.000103  0.00538  -.675 2448664.7 2447394.6 2449695.3    31     62
 ICRF J235600.6-682003   2353-686         23 56  0.681458  -68 20  3.47158   0.000103  0.00056  -.012 2448561.2 2448162.9 2448757.9     3     17
 ICRF J235753.2-531113   2355-534         23 57 53.266123  -53 11 13.68933   0.000040  0.00048   .180 2448517.3 2447627.0 2449791.2    18     81
 ICRF J235810.8-102008   2355-106         23 58 10.882414  -10 20  8.61132   0.000018  0.00028  -.261 2448849.3 2447394.6 2449884.3   134    616
 ICRF J235933.1+385042   2356+385         23 59 33.180777   38 50 42.31796   0.000085  0.00144  -.282 2449520.3 2449520.3 2449520.3     1      4
