 ICRF J000557.1+382015   0003+380          0  5 57.175409   38 20 15.14857   0.000041  0.00051  -.041 2449087.5 2448721.4 2449555.3     2     41
 ICRF J001031.0+105829   0007+106          0 10 31.005888   10 58 29.50412   0.000032  0.00068   .540 2447939.4 2447289.2 2449690.5    10     74
 ICRF J001033.9+172418   0007+171          0 10 33.990619   17 24 18.76135   0.000021  0.00035  -.402 2448731.3 2447932.1 2449663.3    19     57
 ICRF J001331.1+405137   0010+405  2 1     0 13 31.130213   40 51 37.14407   0.000026  0.00034  -.038 2449550.1 2448435.2 2449821.0     7    219
 ICRF J001708.4+813508   0014+813          0 17  8.474953   81 35  8.13633   0.000121  0.00026   .012 2449505.7 2447024.2 2449925.3    78   1453
 ICRF J004204.5+232001   0039+230          0 42  4.545183   23 20  1.06129   0.000036  0.00060   .090 2448898.6 2448329.0 2449534.3     3     44
 ICRF J004959.4-573827   0047-579          0 49 59.473091  -57 38 27.33992   0.000047  0.00053   .298 2448697.5 2447627.0 2449408.1    13     46
 ICRF J011205.8+224438   0109+224      *   1 12  5.824718   22 44 38.78619   0.000027  0.00049   .082 2448733.6 2448435.2 2449737.4     7     97
 ICRF J012642.7+255901   0123+257          1 26 42.792631   25 59  1.30079   0.000030  0.00054   .167 2448856.9 2448329.0 2449660.3     4     71
 ICRF J013305.7-520003   0131-522          1 33  5.762585  -52  0  3.94693   0.000049  0.00081   .399 2449039.6 2448162.9 2449896.1     6     30
 ICRF J013658.5+475129   0133+476  2 2     1 36 58.594810   47 51 29.10006   0.000026  0.00027   .021 2448629.5 2445139.3 2449751.3   190   2196
 ICRF J013738.3-243053   0135-247          1 37 38.346378  -24 30 53.88526   0.000055  0.00042  -.188 2448322.3 2447640.7 2449791.2     3     29
 ICRF J014125.8-092843   0138-097  2 1     1 41 25.832025  - 9 28 43.67381   0.000081  0.00088   .063 2447138.6 2446876.3 2449499.3     2     20
 ICRF J015127.1+274441   0148+274          1 51 27.146149   27 44 41.79365   0.000031  0.00043  -.064 2448964.4 2448329.0 2449660.3     5    112
 ICRF J015218.0+220707   0149+218          1 52 18.059047   22  7  7.70004   0.000020  0.00029  -.437 2448294.5 2446978.4 2449849.3    50    243
 ICRF J015734.9+744243   0153+744  4 3 *   1 57 34.964908   74 42 43.22998   0.000091  0.00031   .059 2449496.2 2447020.4 2449821.0    11    400
 ICRF J020333.3+723253   0159+723          2  3 33.385004   72 32 53.66741   0.000072  0.00031   .033 2448801.2 2447011.9 2449668.4    17    108
 ICRF J020504.9+321230   0202+319          2  5  4.925371   32 12 30.09560   0.000022  0.00030  -.441 2448018.2 2445466.8 2449737.4    35    214
 ICRF J021748.9+014449   0215+015  1 1     2 17 48.954740    1 44 49.69909   0.000022  0.00039  -.215 2449302.6 2448329.0 2449548.3     5    133
 ICRF J022239.6+430207   0219+428          2 22 39.611500   43  2  7.79884   0.000034  0.00043  -.098 2449104.1 2448651.3 2449555.3     7     64
 ICRF J022256.4-344128   0220-349          2 22 56.401625  -34 41 28.73011   0.000050  0.00044  -.209 2448680.0 2447640.7 2449791.2     4     35
 ICRF J022850.0+672103   0224+671          2 28 50.051459   67 21  3.02926   0.000052  0.00031  -.080 2445098.1 2444091.0 2449600.8    42    801
 ICRF J022934.9-784745   0230-790          2 29 34.946647  -78 47 45.60129   0.000149  0.00049   .028 2448828.6 2447627.0 2449896.1    11     52
 ICRF J023838.9+163659   0235+164  1 1     2 38 38.930108   16 36 59.27471   0.000018  0.00027   .090 2447476.2 2444447.5 2449910.1   194   2595
 ICRF J024229.1+110100   0239+108  2 2     2 42 29.170847   11  1  0.72823   0.000018  0.00030  -.483 2448582.8 2447511.6 2449663.3    43    153
 ICRF J025134.5+431515   0248+430          2 51 34.536779   43 15 15.82858   0.000027  0.00033  -.074 2449109.9 2447932.1 2449690.5    10    169
 ICRF J025927.0+074739   0256+075          2 59 27.076633    7 47 39.64323   0.000021  0.00035  -.607 2448247.5 2447011.9 2449446.1    44    190
 ICRF J030350.6-621125   0302-623          3  3 50.631333  -62 11 25.54983   0.000047  0.00033   .129 2449059.7 2448162.9 2449651.3    15     97
 ICRF J030903.6+102916   0306+102          3  9  3.623523   10 29 16.34082   0.000023  0.00042  -.804 2448974.6 2447394.6 2449668.4    18     76
 ICRF J030956.0-605839   0308-611          3  9 56.099167  -60 58 39.05628   0.000038  0.00029   .037 2449030.0 2447627.0 2449896.1    79    738
 ICRF J031301.9+412001   0309+411      *   3 13  1.962129   41 20  1.18353   0.000026  0.00031  -.321 2448371.5 2447166.3 2449849.3    29    127
 ICRF J034506.4+145349   0342+147          3 45  6.416546   14 53 49.55818   0.000021  0.00032  -.622 2448810.1 2447394.6 2449446.1    23    177
 ICRF J040305.5+260001   0400+258  3 2 *   4  3  5.586048   26  0  1.50274   0.000020  0.00030  -.127 2448991.0 2447006.3 2449821.0    37    397
 ICRF J040922.0+121739   0406+121  2 1     4  9 22.008740   12 17 39.84750   0.000021  0.00033  -.704 2448399.7 2446978.4 2449566.4    28    149
 ICRF J041636.5-185108   0414-189          4 16 36.544466  -18 51  8.34012   0.000051  0.00048  -.078 2447815.1 2446841.3 2449791.2     3     31
 ICRF J042442.2-375620   0422-380          4 24 42.243727  -37 56 20.78423   0.000033  0.00119   .251 2449082.2 2448162.9 2449751.3    11     60
 ICRF J042446.8+003606   0422+004  2 1     4 24 46.842052    0 36  6.32983   0.000020  0.00063   .038 2448938.7 2445998.3 2449821.0    11    245
 ICRF J042636.6+051819   0423+051          4 26 36.604102    5 18 19.87204   0.000031  0.00087   .101 2448977.8 2448195.2 2449668.4     9     64
 ICRF J042840.4-375619   0426-380          4 28 40.424306  -37 56 19.58031   0.000036  0.00047   .011 2448126.2 2447640.7 2449693.1     5     39
 ICRF J043900.8-452222   0437-454          4 39  0.854714  -45 22 22.56260   0.000057  0.00078  -.123 2449444.0 2448767.4 2449896.1     7     32
 ICRF J044238.6-001743   0440-003  1 1     4 42 38.660762  - 0 17 43.41910   0.000025  0.00064   .262 2447735.7 2447011.9 2449577.4    15    111
 ICRF J044907.6+112128   0446+112          4 49  7.671119   11 21 28.59662   0.000024  0.00051  -.143 2449312.5 2447394.6 2449855.3     5     32
 ICRF J045005.4-810102   0454-810          4 50  5.440195  -81  1  2.23146   0.000137  0.00032  -.005 2448784.7 2447627.0 2449896.1    18    148
 ICRF J045952.0+022931   0457+024          4 59 52.050664    2 29 31.17631   0.000019  0.00032   .062 2448993.9 2447006.3 2449751.3    36    394
 ICRF J050145.2+135607   0458+138  2 2     5  1 45.270840   13 56  7.22063   0.000037  0.00064  -.770 2448831.2 2447394.6 2449849.3    13     20
 ICRF J050523.1+045942   0502+049          5  5 23.184723    4 59 42.72448   0.000037  0.00060  -.584 2448898.2 2447394.6 2449668.4     6     28
 ICRF J050643.9-610940   0506-612          5  6 43.988739  -61  9 40.99328   0.000047  0.00035   .145 2448761.0 2448111.4 2449595.2    16     69
 ICRF J050842.3+843204   0454+844          5  8 42.363503   84 32  4.54402   0.000194  0.00028  -.046 2448675.2 2446978.4 2449612.4    42    250
 ICRF J051002.3+180041   0507+179  2 2     5 10  2.369122   18  0 41.58171   0.000020  0.00030  -.396 2449402.4 2447605.6 2449821.0    24    339
 ICRF J051644.9-620705   0516-621          5 16 44.926178  -62  7  5.38930   0.000048  0.00042   .202 2449455.9 2448750.1 2449896.1     9     56
 ICRF J052109.8+163822   0518+165  4 4     5 21  9.886021   16 38 22.05122   0.000048  0.00101   .569 2448535.9 2447932.1 2449660.3     9     77
 ICRF J052257.9-362730   0521-365      *   5 22 57.984651  -36 27 30.85092   0.000036  0.00106   .404 2449078.9 2448111.4 2449896.1     6     25
 ICRF J052930.0-724528   0530-727          5 29 30.042235  -72 45 28.50731   0.000073  0.00035  -.149 2448820.3 2447627.0 2449912.3    50    200
 ICRF J053954.2-283955   0537-286          5 39 54.281429  -28 39 55.94745   0.000036  0.00046   .282 2448981.0 2448574.3 2449630.1    18     58
 ICRF J054138.0-054149   0539-057  2 1     5 41 38.083384  - 5 41 49.42839   0.000019  0.00046  -.188 2449489.7 2447177.0 2449821.0     6    173
 ICRF J054236.1+495107   0538+498          5 42 36.137916   49 51  7.23356   0.000053  0.00054   .185 2449065.6 2448539.3 2449534.3     4     45
 ICRF J054734.1+272156   0544+273  1 1     5 47 34.148941   27 21 56.84240   0.000032  0.00043  -.730 2449054.9 2447394.6 2449660.3    14     34
 ICRF J055932.0+235353   0556+238          5 59 32.033133   23 53 53.92690   0.000022  0.00032  -.591 2448493.2 2447394.6 2449849.3    28     57
 ICRF J061423.8+604621   0609+607  3 2     6 14 23.866195   60 46 21.75538   0.000044  0.00034   .058 2448015.1 2445466.8 2449499.3    16    217
 ICRF J062603.0+820225   0615+820          6 26  3.006188   82  2 25.56764   0.000142  0.00030   .009 2448607.0 2447020.4 2449600.8    30    230
 ICRF J063111.9-415426   0629-418          6 31 11.998059  -41 54 26.94611   0.000086  0.00095  -.001 2448258.4 2447627.0 2449791.2     6     24
 ICRF J063546.5-751616   0637-752      *   6 35 46.507934  -75 16 16.81533   0.000071  0.00027   .005 2449058.8 2447627.0 2449912.3   156   2417
 ICRF J064204.2+675835   0636+680  1 1     6 42  4.257418   67 58 35.62085   0.000053  0.00030  -.086 2449495.7 2448358.3 2449821.0    29    550
 ICRF J064632.0+445116   0642+449  1 1     6 46 32.025985   44 51 16.59013   0.000024  0.00027   .070 2449389.5 2445466.8 2449925.3    86   1250
 ICRF J065024.5-163739   0648-165          6 50 24.581852  -16 37 39.72500   0.000042  0.00070  -.059 2447535.4 2446876.3 2449595.2     2     33
 ICRF J071046.1+473211   0707+476  2 1     7 10 46.104900   47 32 11.14267   0.000028  0.00029   .003 2449334.9 2446978.4 2449821.0     9    326
 ICRF J072153.4+712036   0716+714      *   7 21 53.448459   71 20 36.36339   0.000058  0.00028   .092 2448388.5 2447166.3 2449751.3   115    688
 ICRF J072516.8+142513   0722+145          7 25 16.807752   14 25 13.74684   0.000023  0.00046   .001 2448704.3 2447394.6 2449695.3    10     62
 ICRF J072550.6-005456   0723-008  3 2     7 25 50.639953  - 0 54 56.54438   0.000019  0.00034  -.190 2448084.2 2444774.3 2449821.0    19    334
 ICRF J072611.7+791131   0718+792  2 1     7 26 11.735177   79 11 31.01624   0.000097  0.00027   .060 2449787.5 2448224.2 2449925.3    38   1457
 ICRF J073545.8-173548   0733-174          7 35 45.812508  -17 35 48.50131   0.000061  0.00138  -.342 2448915.5 2445900.6 2449273.2     7     48
 ICRF J073856.4-673550   0738-674          7 38 56.496292  -67 35 50.82583   0.000090  0.00052   .054 2449189.9 2447627.0 2449896.1     7     33
 ICRF J074110.7+311200   0738+313          7 41 10.703308   31 12  0.22862   0.000022  0.00029   .031 2448627.6 2445466.8 2449849.3    22    512
 ICRF J074625.8+254902   0743+259          7 46 25.874166   25 49  2.13488   0.000033  0.00066  -.372 2448512.4 2447408.1 2449499.3     6     21
 ICRF J074836.1+240024   0745+241          7 48 36.109278   24  0 24.11018   0.000019  0.00028  -.022 2448241.0 2447517.9 2449600.8   114    617
 ICRF J075301.3+535259   0749+540  1 1     7 53  1.384573   53 52 59.63716   0.000030  0.00027   .060 2449755.5 2445776.3 2449898.3    37   2087
 ICRF J075706.6+095634   0754+100          7 57  6.642936    9 56 34.85210   0.000021  0.00034  -.086 2447266.7 2445998.3 2449849.3    15    215
 ICRF J080839.6+495036   0804+499  1 1     8  8 39.666274   49 50 36.53046   0.000027  0.00026   .081 2449583.0 2447166.3 2449925.3   155   9947
 ICRF J080856.6+405244   0805+410  2 1     8  8 56.652038   40 52 44.88889   0.000023  0.00027   .050 2449673.9 2448721.4 2449898.3    36   1519
 ICRF J081525.9+363515   0812+367          8 15 25.944824   36 35 15.14830   0.000031  0.00046   .189 2447765.3 2445776.3 2449555.3     6     75
 ICRF J082057.4-125859   0818-128      *   8 20 57.447616  -12 58 59.16949   0.000029  0.00046  -.480 2448831.8 2447512.5 2449897.3     8     37
 ICRF J082447.2+555242   0820+560  2 1     8 24 47.236351   55 52 42.66938   0.000031  0.00026   .054 2449264.3 2446978.4 2449849.3    48   2072
 ICRF J082455.4+391641   0821+394          8 24 55.483865   39 16 41.90430   0.000029  0.00037   .164 2448624.6 2448195.2 2449577.4     9    102
 ICRF J082804.7-373106   0826-373      *   8 28  4.780268  -37 31  6.28064   0.000051  0.00050  -.053 2448455.1 2447511.6 2449630.1     9     48
 ICRF J083148.8+042939   0829+046          8 31 48.876955    4 29 39.08534   0.000026  0.00053  -.018 2449138.1 2448650.3 2449534.3     4     59
 ICRF J083223.2+491321   0828+493          8 32 23.216688   49 13 21.03823   0.000031  0.00037   .078 2448526.8 2447024.2 2449499.3    18    133
 ICRF J083454.9+553421   0831+557  4 3     8 34 54.903997   55 34 21.07080   0.000097  0.00068   .096 2448902.8 2447932.1 2449457.3     8     70
 ICRF J083639.2-201659   0834-201          8 36 39.215215  -20 16 59.50350   0.000035  0.00071  -.113 2447992.6 2446841.3 2449651.3     5     33
 ICRF J083722.4+582501   0833+585  3 1     8 37 22.409733   58 25  1.84521   0.000043  0.00031   .060 2449394.1 2446978.4 2449821.0    19    334
 ICRF J084205.0+183540   0839+187          8 42  5.094180   18 35 40.99061   0.000026  0.00048   .243 2448610.2 2447876.3 2449660.3     8    118
 ICRF J085441.9+575729   0850+581          8 54 41.996385   57 57 29.93928   0.000055  0.00044  -.252 2449255.2 2448721.4 2449534.3     3     56
 ICRF J090303.9+465104   0859+470  3 2     9  3  3.990103   46 51  4.13753   0.000026  0.00028   .029 2448772.7 2447006.3 2449821.0   107    653
 ICRF J091552.4+293324   0912+297  1 1 *   9 15 52.401620   29 33 24.04274   0.000032  0.00057   .223 2449057.5 2448195.2 2449660.3     7    100
 ICRF J092058.4+444153   0917+449          9 20 58.458480   44 41 53.98502   0.000026  0.00030  -.124 2448756.0 2446978.4 2449600.8    28    141
 ICRF J092136.2+621552   0917+624  2 1     9 21 36.231054   62 15 52.18035   0.000039  0.00027   .030 2449215.5 2445776.3 2449821.0    11    477
 ICRF J094855.3+403944   0945+408  2 2     9 48 55.338145   40 39 44.58719   0.000027  0.00033   .094 2448666.9 2447932.1 2449660.3     9    123
 ICRF J095456.8+174331   0952+179          9 54 56.823626   17 43 31.22242   0.000024  0.00053  -.040 2448756.0 2448159.3 2449566.4    15     91
 ICRF J095819.6+472507   0955+476  1 1     9 58 19.671648   47 25  7.84250   0.000026  0.00026   .039 2449398.6 2448721.4 2449925.3   335  11583
 ICRF J095820.9+322402   0955+326      *   9 58 20.949621   32 24  2.20929   0.000031  0.00047   .081 2448569.9 2447762.2 2449555.3     6    101
 ICRF J095847.2+653354   0954+658          9 58 47.245101   65 33 54.81806   0.000042  0.00026   .017 2448615.4 2446977.3 2449884.3   236   7668
 ICRF J101447.0+230116   1012+232         10 14 47.065445   23  1 16.57091   0.000024  0.00039  -.344 2448580.8 2447408.1 2449577.4    11     83
 ICRF J102311.5+394815   1020+400  3 1    10 23 11.565623   39 48 15.38539   0.000029  0.00036   .017 2448470.1 2446978.4 2449695.3     9    116
 ICRF J103303.7+411606   1030+415         10 33  3.707841   41 16  6.23297   0.000042  0.00044   .195 2447892.9 2447020.4 2449499.3    12     82
 ICRF J103502.1-201134   1032-199         10 35  2.155274  -20 11 34.35975   0.000050  0.00048   .050 2448646.0 2447177.0 2449791.2     4     33
 ICRF J104117.1+061016   1038+064  3 1    10 41 17.162504    6 10 16.92378   0.000020  0.00035  -.423 2448204.8 2447569.1 2449737.4    16    114
 ICRF J104146.7+523328   1038+528         10 41 46.781639   52 33 28.23127   0.000029  0.00028   .061 2449331.5 2448525.3 2449884.3    43    525
 ICRF J104148.8+523355   1038+529         10 41 48.897638   52 33 55.60790   0.000073  0.00056  -.323 2449507.2 2448651.3 2449884.3    12     67
 ICRF J104244.6+120331   1040+123         10 42 44.605212   12  3 31.26407   0.000024  0.00040  -.077 2448805.8 2447660.2 2449791.2     9     89
 ICRF J104423.0+805439   1039+811         10 44 23.062554   80 54 39.44303   0.000117  0.00027   .009 2448930.5 2447289.2 2449695.3    34    266
 ICRF J105148.7+211952   1049+215  2 1    10 51 48.789073   21 19 52.31411   0.000020  0.00030   .018 2449498.2 2447932.1 2449821.0     6    218
 ICRF J105811.5+811432   1053+815  1 1    10 58 11.535365   81 14 32.67521   0.000118  0.00027   .095 2449404.3 2447453.5 2449910.1    92   1916
 ICRF J105843.3-800354   1057-797         10 58 43.309786  -80  3 54.15949   0.000106  0.00027   .004 2449024.3 2447627.0 2449912.3   148   2004
 ICRF J111358.6+144226   1111+149         11 13 58.695097   14 42 26.95262   0.000023  0.00042  -.107 2448225.2 2447006.3 2449457.3    16    149
 ICRF J111857.3+123441   1116+128  3 2    11 18 57.301443   12 34 41.71806   0.000018  0.00031  -.156 2449282.7 2447275.3 2449821.0    23    243
 ICRF J113053.2+381518   1128+385  1 1    11 30 53.282612   38 15 18.54707   0.000022  0.00026  -.042 2449535.3 2445776.3 2449925.3   175   7357
 ICRF J113320.0+004052   1130+009  2 1    11 33 20.055797    0 40 52.83720   0.000022  0.00051  -.515 2449112.4 2447020.4 2449821.0    23    211
 ICRF J114608.1-244732   1143-245         11 46  8.103374  -24 47 32.89681   0.000080  0.00068  -.205 2448071.6 2447640.7 2449896.1     3     33
 ICRF J115019.2+241753   1147+245         11 50 19.212173   24 17 53.83503   0.000045  0.00063  -.108 2449039.5 2448721.4 2449534.3     2     23
 ICRF J115113.4-672811   1148-671         11 51 13.426591  -67 28 11.09423   0.000088  0.00059   .431 2448705.7 2448044.3 2449408.1     5     33
 ICRF J115312.4+805829   1150+812  2 2    11 53 12.499130   80 58 29.15451   0.000114  0.00027   .009 2449157.9 2446977.3 2449821.0    41   1058
 ICRF J115324.4+493108   1150+497      *  11 53 24.466626   49 31  8.83014   0.000036  0.00037   .296 2448716.2 2447932.1 2449695.3     6     80
 ICRF J115825.7+245017   1155+251         11 58 25.787505   24 50 17.96369   0.000037  0.00060   .266 2448861.3 2448180.2 2449660.3     7     78
 ICRF J121555.6+344815   1213+350  3 1    12 15 55.601049   34 48 15.22053   0.000027  0.00035   .014 2449425.8 2448195.2 2449821.0    11    298
 ICRF J121752.0+300700   1215+303         12 17 52.081987   30  7  0.63625   0.000030  0.00054   .198 2448795.9 2448435.2 2449668.4     5     77
 ICRF J121906.4+482956   1216+487         12 19  6.414733   48 29 56.16497   0.000032  0.00032   .081 2448756.3 2446978.4 2449737.4    12    204
 ICRF J122222.5+041315   1219+044  2 1    12 22 22.549618    4 13 15.77630   0.000017  0.00026  -.238 2449589.5 2448379.3 2449925.3   237   7633
 ICRF J122340.4+804004   1221+809  2 1    12 23 40.493698   80 40  4.34031   0.000123  0.00030  -.088 2449531.7 2448023.2 2449821.0     9    515
 ICRF J122847.4+370612   1226+373  1 1    12 28 47.423662   37  6 12.09578   0.000027  0.00032  -.073 2449313.6 2448379.3 2449751.3     6    167
 ICRF J123924.5+073017   1236+077  2 1    12 39 24.588312    7 30 17.18909   0.000021  0.00042  -.068 2449639.5 2448379.3 2449821.0     4    163
 ICRF J123946.6-684530   1236-684         12 39 46.651396  -68 45 30.89260   0.000155  0.00100  -.358 2449261.5 2448044.3 2449896.1     3     24
 ICRF J125438.2+114105   1252+119         12 54 38.255601   11 41  5.89507   0.000019  0.00032  -.035 2448651.5 2446978.4 2449849.3    36    241
 ICRF J125459.9-713818   1251-713         12 54 59.921421  -71 38 18.43664   0.000066  0.00032   .067 2448771.3 2447627.0 2449693.1    19    144
 ICRF J130020.9+141718   1257+145         13  0 20.918799   14 17 18.53107   0.000038  0.00063   .297 2449383.9 2448805.4 2449690.5    10     59
 ICRF J131028.6+322043   1308+326  1 1    13 10 28.663845   32 20 43.78295   0.000020  0.00026  -.152 2449096.6 2444774.3 2449925.3   869  40832
 ICRF J132700.8+221050   1324+224      *  13 27  0.861311   22 10 50.16306   0.000020  0.00031  -.534 2448962.4 2448429.5 2449737.4    37    116
 ICRF J134345.9+660225   1342+662  2 1    13 43 45.959534   66  2 25.74503   0.000059  0.00035  -.014 2449242.5 2447783.7 2449612.4     6    116
 ICRF J134408.6+660611   1342+663         13 44  8.679674   66  6 11.64381   0.000047  0.00029   .144 2448481.8 2447453.5 2449849.3    36    226
 ICRF J134934.6+534117   1347+539  3 2    13 49 34.656623   53 41 17.04028   0.000034  0.00032  -.001 2449520.4 2447932.1 2449821.0    10    358
 ICRF J141908.1+062834   1416+067  2 1    14 19  8.180173    6 28 34.80349   0.000083  0.00129   .186 2449420.6 2448195.2 2449821.0     8    118
 ICRF J141946.5+542314   1418+546      *  14 19 46.597401   54 23 14.78721   0.000031  0.00027  -.048 2447698.6 2445139.3 2449849.3   130   2179
 ICRF J143645.8+633637   1435+638      *  14 36 45.802138   63 36 37.86658   0.000048  0.00033   .141 2448266.1 2447024.2 2449612.4    12    192
 ICRF J144516.4+095836   1442+101         14 45 16.465213    9 58 36.07244   0.000027  0.00040   .430 2448733.8 2447011.9 2449884.3    33    200
 ICRF J144815.0-162024   1445-161         14 48 15.054162  -16 20 24.54888   0.000030  0.00043  -.865 2448521.4 2447605.6 2449566.4    18     39
 ICRF J144828.7+760111   1448+762         14 48 28.778877   76  1 11.59717   0.000176  0.00045   .285 2448457.7 2447020.4 2449555.3     8     67
 ICRF J150048.6+475115   1459+480  2 1    15  0 48.654199   47 51 15.53826   0.000034  0.00038   .118 2448587.8 2447460.3 2449555.3     9     98
 ICRF J150609.5+373051   1504+377         15  6  9.529958   37 30 51.13241   0.000024  0.00029  -.091 2449018.1 2446978.4 2449612.4    18    198
 ICRF J151656.7+193212   1514+197         15 16 56.796194   19 32 12.99187   0.000026  0.00049  -.040 2448621.0 2448435.2 2449534.3     5     91
 ICRF J153452.4+013104   1532+016  4 2    15 34 52.453675    1 31  4.20657   0.000020  0.00049  -.539 2448647.3 2447408.1 2449577.4    23    110
 ICRF J154049.4+144745   1538+149         15 40 49.491511   14 47 45.88485   0.000019  0.00030  -.536 2448427.2 2445139.3 2449791.2    39    201
 ICRF J154917.4+503805   1547+507         15 49 17.468534   50 38  5.78820   0.000035  0.00036   .345 2448165.2 2447006.3 2449499.3    11    106
 ICRF J155658.8-791404   1549-790         15 56 58.869899  -79 14  4.28134   0.000111  0.00032   .105 2448793.3 2447627.0 2449896.1    15    156
 ICRF J160207.2+332653   1600+335  3 1    16  2  7.263468   33 26 53.07267   0.000027  0.00053  -.159 2449181.4 2448104.0 2449695.3     9     43
 ICRF J160734.7-333108   1604-333         16  7 34.762344  -33 31  8.91313   0.000047  0.00048  -.881 2449165.0 2448394.2 2449791.2    15     39
 ICRF J160846.2+102907   1606+106  2 1    16  8 46.203179   10 29  7.77585   0.000017  0.00026  -.426 2449344.9 2445139.3 2449925.3   533  18985
 ICRF J161903.6+061302   1616+063         16 19  3.687684    6 13  2.24357   0.000028  0.00067   .049 2449120.0 2448195.2 2449555.3     5     76
 ICRF J162418.4-680912   1619-680         16 24 18.437150  -68  9 12.49811   0.000071  0.00057  -.053 2448840.3 2447627.0 2449408.1     7     46
 ICRF J162557.6+413440   1624+416  3 2    16 25 57.669700   41 34 40.62922   0.000026  0.00031  -.046 2448373.4 2446365.4 2449884.3    31    247
 ICRF J163813.4+572023   1637+574         16 38 13.456293   57 20 23.97918   0.000032  0.00027  -.085 2447193.3 2444858.3 2449693.1   292   4339
 ICRF J164207.8+685639   1642+690  3 2    16 42  7.848514   68 56 39.75640   0.000050  0.00027   .004 2445980.3 2444091.0 2449849.3   150   1899
 ICRF J165801.4+344328   1656+348         16 58  1.419204   34 43 28.40240   0.000048  0.00058  -.393 2449385.5 2448854.3 2449884.3     5     56
 ICRF J170734.4+014845   1705+018  2 1    17  7 34.415277    1 48 45.69923   0.000019  0.00031  -.103 2449324.2 2448195.2 2449884.3    30    296
 ICRF J170934.3-172853   1706-174         17  9 34.345380  -17 28 53.36480   0.000039  0.00056  -.924 2448908.1 2448093.5 2449663.3    18     43
 ICRF J172341.0-650036   1718-649         17 23 41.029765  -65  0 36.61518   0.000092  0.00106   .239 2448652.1 2448111.4 2449408.1     5     21
 ICRF J172727.6+453039   1726+455  2 1    17 27 27.650808   45 30 39.73139   0.000024  0.00026  -.127 2449590.3 2448721.4 2449918.3   128   4185
 ICRF J172818.6+501310   1727+502         17 28 18.623853   50 13 10.47001   0.000140  0.00098  -.188 2448540.6 2447460.3 2449577.4     9     39
 ICRF J172824.9+042704   1725+044  2 1    17 28 24.952716    4 27  4.91401   0.000020  0.00041   .000 2449213.4 2447932.1 2449884.3    10    274
 ICRF J174535.2+172001   1743+173  2 1    17 45 35.208181   17 20  1.42341   0.000018  0.00030  -.257 2449273.4 2446978.4 2449849.3    31    296
 ICRF J174614.0+622654   1745+624  1 2    17 46 14.034146   62 26 54.73842   0.000038  0.00027  -.043 2449665.0 2448917.3 2449925.3    60   1609
 ICRF J174832.8+700550   1749+701         17 48 32.840231   70  5 50.76882   0.000077  0.00037  -.025 2447325.9 2444204.2 2449925.3    16    210
 ICRF J175322.6+440945   1751+441         17 53 22.647901   44  9 45.68608   0.000032  0.00033   .169 2449016.3 2447932.1 2449534.3     6    144
 ICRF J180132.3+440421   1800+440         18  1 32.314854   44  4 21.90031   0.000036  0.00046   .115 2448687.5 2448195.2 2449660.3     8     71
 ICRF J180323.4-650736   1758-651      *  18  3 23.496605  -65  7 36.76177   0.000085  0.00054   .081 2449241.9 2448044.3 2449896.1     4     29
 ICRF J182407.0+565101   1823+568  1 1 *  18 24  7.068372   56 51  1.49088   0.000033  0.00028  -.047 2448233.3 2445139.3 2449751.3    92    703
 ICRF J183250.1+283335   1830+285         18 32 50.185631   28 33 35.95530   0.000035  0.00065  -.283 2448735.3 2448358.3 2449660.3     7     50
 ICRF J184208.9+794617   1845+797         18 42  8.989953   79 46 17.12801   0.000137  0.00036  -.399 2448611.0 2444204.2 2449660.3    15    161
 ICRF J184233.6+680925   1842+681  2 1    18 42 33.641636   68  9 25.22788   0.000061  0.00034   .056 2448518.6 2447166.3 2449695.3     8    136
 ICRF J184916.0+670541   1849+670  1 2    18 49 16.072300   67  5 41.67993   0.000048  0.00028  -.003 2449709.5 2448650.3 2449821.0     4    412
 ICRF J185457.2+735119   1856+737         18 54 57.299946   73 51 19.90747   0.000094  0.00043   .276 2448602.7 2447011.9 2449668.4     8    101
 ICRF J191240.0-801005   1903-802         19 12 40.019176  -80 10  5.94627   0.000169  0.00041   .004 2448422.0 2447627.0 2448866.3     5     26
 ICRF J195542.7+513148   1954+513  2 1    19 55 42.738273   51 31 48.54623   0.000028  0.00027   .001 2448837.1 2445776.3 2449821.0    41    673
 ICRF J195759.8-384506   1954-388         19 57 59.819271  -38 45  6.35626   0.000025  0.00039   .103 2449775.9 2448767.4 2449918.3    13    257
 ICRF J200324.1-325145   2000-330         20  3 24.116306  -32 51 45.13231   0.000040  0.00068   .175 2448685.5 2447512.5 2449535.5    11     33
 ICRF J201114.2-064403   2008-068         20 11 14.215847  - 6 44  3.55519   0.000050  0.00063  -.838 2449069.1 2448346.5 2449663.3    13     29
 ICRF J201713.0+744047   2017+745  2 1    20 17 13.079311   74 40 47.99991   0.000072  0.00028   .091 2449460.0 2447289.2 2449821.0    23    465
 ICRF J202319.0+315302   2021+317  3 1    20 23 19.017351   31 53  2.30595   0.000022  0.00031   .091 2448564.1 2445776.3 2449612.4    22    215
 ICRF J203147.9+545503   2030+547         20 31 47.958562   54 55  3.14060   0.000042  0.00051   .080 2448616.9 2447024.2 2449660.3     7     86
 ICRF J203154.9+121941   2029+121  3 1    20 31 54.994279   12 19 41.34043   0.000019  0.00034   .073 2448967.1 2447020.4 2449849.3    14    230
 ICRF J203837.0+511912   2037+511         20 38 37.034755   51 19 12.66269   0.000028  0.00027   .038 2447285.1 2445139.3 2449737.4   190   3063
 ICRF J205051.1+312727   2048+312         20 50 51.131502   31 27 27.37368   0.000108  0.00090   .151 2449098.8 2448195.2 2449690.5     6     34
 ICRF J205133.7+744140   2051+745         20 51 33.734576   74 41 40.49823   0.000110  0.00038  -.491 2448765.5 2447011.9 2449555.3    20     73
 ICRF J205616.3-471447   2052-474         20 56 16.359851  -47 14 47.62768   0.000033  0.00043  -.139 2449286.2 2448162.9 2449912.3    15    104
 ICRF J210138.8+034131   2059+034  2 1    21  1 38.834187    3 41 31.32159   0.000026  0.00058  -.033 2448630.2 2448435.2 2449534.3     4     74
 ICRF J210544.9-782534   2059-786         21  5 44.961453  -78 25 34.54664   0.000205  0.00058   .030 2448785.3 2447627.0 2449896.1     7     24
 ICRF J210933.1-411020   2106-413         21  9 33.188582  -41 10 20.60530   0.000032  0.00042  -.221 2448704.2 2447627.0 2449663.3    17     72
 ICRF J211529.4+293338   2113+293  1 1    21 15 29.413455   29 33 38.36694   0.000020  0.00028  -.027 2448852.6 2446978.4 2449821.0    37    641
 ICRF J211630.8-805355   2109-811         21 16 30.845958  -80 53 55.22339   0.000180  0.00039  -.020 2449328.8 2448044.3 2449896.1     9     66
 ICRF J213901.3+142335   2136+141  1 1    21 39  1.309267   14 23 35.99199   0.000018  0.00029  -.042 2448862.3 2445466.8 2449849.3    22    351
 ICRF J214622.9-152543   2143-156         21 46 22.979340  -15 25 43.88526   0.000028  0.00044  -.770 2448855.1 2448197.3 2449566.4    14     24
 ICRF J214805.4+065738   2145+067  2 2    21 48  5.458679    6 57 38.60422   0.000023  0.00026   .000 2448940.2 2444774.3 2449925.3  1087  33641
 ICRF J215203.1-780706   2146-783         21 52  3.154504  -78  7  6.63962   0.000221  0.00063   .316 2448577.8 2447627.0 2449331.0     7     29
 ICRF J215224.8+173437   2150+173  2 2    21 52 24.819405   17 34 37.79482   0.000020  0.00039  -.028 2448517.1 2447006.3 2449457.3    23    150
 ICRF J220743.7-534633   2204-540         22  7 43.733296  -53 46 33.82004   0.000045  0.00056   .016 2448787.0 2448111.4 2449791.2     6     27
 ICRF J221205.9+235540   2209+236         22 12  5.966318   23 55 40.54388   0.000023  0.00039  -.031 2448675.0 2448195.2 2449849.3     9    141
 ICRF J223036.4+694628   2229+695         22 30 36.469725   69 46 28.07698   0.000071  0.00034   .161 2448418.5 2447460.3 2449600.8    16     95
 ICRF J223513.2-483558   2232-488         22 35 13.236524  -48 35 58.79455   0.000049  0.00065   .394 2449224.0 2448162.9 2449742.2     6     30
 ICRF J225717.3+074312   2254+074         22 57 17.303120    7 43 12.30284   0.000023  0.00052  -.519 2448052.5 2447011.9 2449737.4    26    139
 ICRF J231448.5-313839   2312-319         23 14 48.500631  -31 38 39.52651   0.000050  0.00103   .340 2448251.2 2447511.6 2449896.1     6     27
 ICRF J232159.8+273246   2319+272  3 1    23 21 59.862235   27 32 46.44343   0.000021  0.00033   .020 2449198.2 2447024.2 2449821.0    21    321
 ICRF J232225.9+505751   2320+506  3 1    23 22 25.982159   50 57 51.96371   0.000041  0.00044  -.011 2449022.0 2448721.4 2449499.3     2     44
 ICRF J232917.7-473019   2326-477         23 29 17.704369  -47 30 19.11519   0.000039  0.00053   .264 2448341.9 2447306.3 2449630.1    31    138
 ICRF J233138.6-155657   2329-162         23 31 38.652436  -15 56 57.00952   0.000039  0.00051   .012 2448859.5 2447177.0 2449651.3     2     25
 ICRF J233159.4-381147   2329-384         23 31 59.476115  -38 11 47.65053   0.000042  0.00066   .095 2448273.9 2447640.7 2449896.1     5     22
