 ICRF J000435.6-473619   0002-478 C        0  4 35.655596  -47 36 19.60356   0.000079  0.00097   .019 2449436.0 2449331.0 2449525.2     3      7
 ICRF J000557.1+382015   0003+380 D        0  5 57.175409   38 20 15.14857   0.000041  0.00051  -.041 2449087.5 2448721.4 2449555.3     2     41
 ICRF J000613.8-062335   0003-066 C3 1     0  6 13.892887  - 6 23 35.33485   0.000019  0.00034  -.575 2448728.6 2447177.0 2449566.4    41    114
 ICRF J001031.0+105829   0007+106 D        0 10 31.005888   10 58 29.50412   0.000032  0.00068   .540 2447939.4 2447289.2 2449690.5    10     74
 ICRF J001033.9+172418   0007+171 D        0 10 33.990619   17 24 18.76135   0.000021  0.00035  -.402 2448731.3 2447932.1 2449663.3    19     57
 ICRF J001052.5-415310   0008-421 C        0 10 52.519641  -41 53 10.78780   0.000652  0.00728  -.548 2448552.3 2448162.9 2449331.0     2      6
 ICRF J001101.2-261233   0008-264 C        0 11  1.246752  -26 12 33.37686   0.000035  0.00040  -.427 2448892.9 2447686.6 2449791.2     7     38
 ICRF J001331.1+405137   0010+405 D2 1     0 13 31.130213   40 51 37.14407   0.000026  0.00034  -.038 2449550.1 2448435.2 2449821.0     7    219
 ICRF J001611.0-001512   0013-005 C        0 16 11.088555  - 0 15 12.44534   0.000020  0.00037  -.675 2448920.8 2447394.6 2449612.4    27    116
 ICRF J001708.4+813508   0014+813 D        0 17  8.474953   81 35  8.13633   0.000121  0.00026   .012 2449505.7 2447024.2 2449925.3    78   1453
 ICRF J001945.7+732730   0016+731 O2 1     0 19 45.786433   73 27 30.01751   0.000093  0.00039        2448895.2 2447166.3 2449751.3   411  21652
 ICRF J002232.4+060804   0019+058 O        0 22 32.441263    6  8  4.26943   0.000172  0.00351        2449128.4 2447394.6 2449791.2    18     51
 ICRF J002442.9-420203   0022-423 C        0 24 42.989850  -42  2  3.94978   0.000250  0.00222  -.528 2449004.0 2448162.9 2449896.1     3     10
 ICRF J002914.2+345632   0026+346 O4 4     0 29 14.242502   34 56 32.24702   0.000312  0.00248        2449383.2 2447011.9 2449821.0    12    201
 ICRF J003824.8+413706   0035+413 C        0 38 24.843613   41 37  6.00069   0.000053  0.00066  -.266 2449423.4 2449423.4 2449423.4     1     19
 ICRF J004204.5+232001   0039+230 D        0 42  4.545183   23 20  1.06129   0.000036  0.00060   .090 2448898.6 2448329.0 2449534.3     3     44
 ICRF J004959.4-573827   0047-579 D        0 49 59.473091  -57 38 27.33992   0.000047  0.00053   .298 2448697.5 2447627.0 2449408.1    13     46
 ICRF J005041.3-092905   0048-097 O1 1     0 50 41.317392  - 9 29  5.21022   0.000037  0.00090        2449249.7 2444774.3 2449925.3   374   9641
 ICRF J005846.5-565911   0056-572 C        0 58 46.581252  -56 59 11.47054   0.000084  0.00113   .454 2448584.0 2447627.0 2449331.0     4     12
 ICRF J005905.5+000651   0056-001 C4 3     0 59  5.514949    0  6 51.62203   0.000033  0.00093   .304 2449187.1 2447006.3 2449660.3    11    173
 ICRF J010245.7+582411   0059+581 O2 1     1  2 45.762387   58 24 11.13669   0.000046  0.00038        2449501.5 2448721.4 2449925.3   244  31138
 ICRF J010645.1-403419   0104-408 O        1  6 45.107969  -40 34 19.96036   0.000150  0.00259        2449400.2 2447511.6 2449918.3   116    719
 ICRF J010838.7+013500   0106+013 O        1  8 38.771070    1 35  0.31714   0.000079  0.00214        2446747.3 2444447.5 2449898.3  1204  24158
 ICRF J011137.3+390628   0108+388 C4 2     1 11 37.316975   39  6 28.10422   0.000030  0.00035   .077 2449711.7 2449100.2 2449821.0     3    203
 ICRF J011205.8+224438   0109+224 D    *   1 12  5.824718   22 44 38.78619   0.000027  0.00049   .082 2448733.6 2448435.2 2449737.4     7     97
 ICRF J011327.0+494824   0110+495 C        1 13 27.006813   49 48 24.04351   0.000055  0.00060  -.525 2449423.4 2449423.4 2449423.4     1     23
 ICRF J011343.1+022217   0111+021 C    *   1 13 43.144954    2 22 17.31631   0.000023  0.00038  -.822 2448461.7 2447024.2 2449668.4    28    160
 ICRF J011517.0-012704   0112-017 C        1 15 17.099966  - 1 27  4.57725   0.000018  0.00031  -.497 2448419.8 2447279.3 2449663.3    57    200
 ICRF J011612.5-113615   0113-118 O        1 16 12.521959  -11 36 15.43371   0.000103  0.00293        2448899.4 2447177.0 2449600.8    28     92
 ICRF J011935.0+321050   0116+319 C4 4     1 19 35.000523   32 10 50.05410   0.001257  0.00806   .231 2449284.5 2448788.4 2449821.0     4     10
 ICRF J012031.6-270124   0118-272 C        1 20 31.663311  -27  1 24.65133   0.000124  0.00112  -.587 2448170.6 2447512.5 2449651.3     2     13
 ICRF J012141.5+114950   0119+115 C2 1     1 21 41.595041   11 49 50.41319   0.000018  0.00030  -.429 2448684.0 2447394.6 2449849.3    50    150
 ICRF J012156.8+042224   0119+041 C2 1     1 21 56.861698    4 22 24.73438   0.000017  0.00026   .412 2448823.4 2446978.4 2449912.3  1050  23707
 ICRF J012642.7+255901   0123+257 D        1 26 42.792631   25 59  1.30079   0.000030  0.00054   .167 2448856.9 2448329.0 2449660.3     4     71
 ICRF J013305.7-520003   0131-522 D        1 33  5.762585  -52  0  3.94693   0.000049  0.00081   .399 2449039.6 2448162.9 2449896.1     6     30
 ICRF J013658.5+475129   0133+476 D2 2     1 36 58.594810   47 51 29.10006   0.000026  0.00027   .021 2448629.5 2445139.3 2449751.3   190   2196
 ICRF J013738.3-243053   0135-247 D        1 37 38.346378  -24 30 53.88526   0.000055  0.00042  -.188 2448322.3 2447640.7 2449791.2     3     29
 ICRF J013741.2+330935   0134+329 O    *   1 37 41.299454   33  9 35.13378   0.000194  0.00650        2448598.0 2448195.2 2449668.4    10     64
 ICRF J014125.8-092843   0138-097 D2 1     1 41 25.832025  - 9 28 43.67381   0.000081  0.00088   .063 2447138.6 2446876.3 2449499.3     2     20
 ICRF J014922.3+055553   0146+056 C3 1     1 49 22.370918    5 55 53.56852   0.000022  0.00035  -.691 2448208.6 2447289.2 2449737.4    23    107
 ICRF J015002.6-072548   0147-076 C        1 50  2.697551  - 7 25 48.49067   0.000628  0.00580  -.229 2449688.2 2449535.5 2449896.1     3      7
 ICRF J015127.1+274441   0148+274 D        1 51 27.146149   27 44 41.79365   0.000031  0.00043  -.064 2448964.4 2448329.0 2449660.3     5    112
 ICRF J015218.0+220707   0149+218 D        1 52 18.059047   22  7  7.70004   0.000020  0.00029  -.437 2448294.5 2446978.4 2449849.3    50    243
 ICRF J015310.1-331025   0150-334 C        1 53 10.121676  -33 10 25.86226   0.000063  0.00142   .164 2447846.5 2447511.6 2448757.9     3     17
 ICRF J015456.2+474326   0151+474 C        1 54 56.289917   47 43 26.53907   0.000049  0.00046   .002 2449751.3 2449751.3 2449751.3     1     36
 ICRF J015537.0-404842   0153-410 C        1 55 37.059396  -40 48 42.35592   0.000439  0.00283  -.052 2449203.6 2448767.4 2449535.5     3      9
 ICRF J015734.9+744243   0153+744 D4 3 *   1 57 34.964908   74 42 43.22998   0.000091  0.00031   .059 2449496.2 2447020.4 2449821.0    11    400
 ICRF J020213.6-762003   0202-765 C        2  2 13.694218  -76 20  3.05655   0.002733  0.00592   .145 2448780.7 2448111.4 2449896.1     2      8
 ICRF J020333.3+723253   0159+723 D        2  3 33.385004   72 32 53.66741   0.000072  0.00031   .033 2448801.2 2447011.9 2449668.4    17    108
 ICRF J020346.6+113445   0201+113 C2 1     2  3 46.657063   11 34 45.40956   0.000018  0.00027  -.163 2449140.4 2447237.9 2449925.3   122    856
 ICRF J020450.4+151411   0202+149 C2 2     2  4 50.413908   15 14 11.04337   0.000018  0.00026   .194 2449004.9 2445998.3 2449925.3   238   4191
 ICRF J020457.6-170119   0202-172 C        2  4 57.674364  -17  1 19.84022   0.000031  0.00039  -.097 2448904.7 2447172.0 2449791.2     6     72
 ICRF J020504.9+321230   0202+319 D        2  5  4.925371   32 12 30.09560   0.000022  0.00030  -.441 2448018.2 2445466.8 2449737.4    35    214
 ICRF J021046.2-510101   0208-512 O        2 10 46.200412  -51  1  1.89187   0.000105  0.00128        2449153.4 2447306.3 2449912.3   166   1871
 ICRF J021730.8+734932   0212+735 O2 2     2 17 30.813365   73 49 32.62180   0.000118  0.00049        2447445.8 2444858.3 2449600.8  1304  42970
 ICRF J021748.9+014449   0215+015 D1 1     2 17 48.954740    1 44 49.69909   0.000022  0.00039  -.215 2449302.6 2448329.0 2449548.3     5    133
 ICRF J022239.6+430207   0219+428 D        2 22 39.611500   43  2  7.79884   0.000034  0.00043  -.098 2449104.1 2448651.3 2449555.3     7     64
 ICRF J022256.4-344128   0220-349 D        2 22 56.401625  -34 41 28.73011   0.000050  0.00044  -.209 2448680.0 2447640.7 2449791.2     4     35
 ICRF J022428.4+065923   0221+067 C2 2     2 24 28.428183    6 59 23.34182   0.000019  0.00031  -.653 2448790.4 2447394.6 2449663.3    35     77
 ICRF J022850.0+672103   0224+671 D        2 28 50.051459   67 21  3.02926   0.000052  0.00031  -.080 2445098.1 2444091.0 2449600.8    42    801
 ICRF J022934.9-784745   0230-790 D        2 29 34.946647  -78 47 45.60129   0.000149  0.00049   .028 2448828.6 2447627.0 2449896.1    11     52
 ICRF J023145.8+132254   0229+131 C2 1     2 31 45.894055   13 22 54.71630   0.000017  0.00026   .341 2448151.0 2444774.3 2449918.3  1314  35363
 ICRF J023752.4+284808   0234+285 C3 2     2 37 52.405677   28 48  8.99008   0.000019  0.00026   .160 2447724.4 2444447.5 2449905.3  1021  31420
 ICRF J023838.9+163659   0235+164 D1 1     2 38 38.930108   16 36 59.27471   0.000018  0.00027   .090 2447476.2 2444447.5 2449910.1   194   2595
 ICRF J023945.4-023440   0237-027 C        2 39 45.472273  - 2 34 40.91378   0.000029  0.00077  -.429 2449376.6 2449254.3 2449555.3     2     32
 ICRF J023951.2+041621   0237+040 C2 1     2 39 51.263052    4 16 21.41185   0.000020  0.00036  -.578 2448875.2 2447941.8 2449663.3    20    103
 ICRF J024008.1-230915   0237-233 O4 3     2 40  8.174536  -23  9 15.73288   0.000407  0.00752        2449348.0 2448127.2 2449663.3    19    244
 ICRF J024104.7-081520   0238-084 O4 2     2 41  4.798520  - 8 15 20.75174   0.000056  0.00290        2449625.7 2447177.0 2449918.3    38    378
 ICRF J024229.1+110100   0239+108 D2 2     2 42 29.170847   11  1  0.72823   0.000018  0.00030  -.483 2448582.8 2447511.6 2449663.3    43    153
 ICRF J024457.6+622806   0241+622 C    *   2 44 57.696828   62 28  6.51494   0.000425  0.00185   .022 2449045.9 2448224.2 2449690.5     3     16
 ICRF J025134.5+431515   0248+430 D        2 51 34.536779   43 15 15.82858   0.000027  0.00033  -.074 2449109.9 2447932.1 2449690.5    10    169
 ICRF J025246.1-710435   0252-712 C        2 52 46.156121  -71  4 35.27541   0.003779  0.02839   .328 2448162.9 2448162.9 2448162.9     1      2
 ICRF J025329.1-544151   0252-549 C        2 53 29.180453  -54 41 51.43623   0.000055  0.00079   .141 2448887.8 2447627.0 2449896.1     6     18
 ICRF J025334.8+180542   0250+178 C        2 53 34.882297   18  5 42.52378   0.002758  0.03513  -.999 2448978.0 2448978.0 2448978.0     1      1
 ICRF J025927.0+074739   0256+075 D        2 59 27.076633    7 47 39.64323   0.000021  0.00035  -.607 2448247.5 2447011.9 2449446.1    44    190
 ICRF J030230.5+121856   0259+121 C3 1     3  2 30.546782   12 18 56.75084   0.009783  0.12252  -.397 2449643.6 2447941.8 2449821.0    12    130
 ICRF J030335.2+471616   0300+470 O2 1     3  3 35.242225   47 16 16.27549   0.000047  0.00057        2448145.1 2445139.3 2449737.4   736  23188
 ICRF J030350.6-621125   0302-623 D        3  3 50.631333  -62 11 25.54983   0.000047  0.00033   .129 2449059.7 2448162.9 2449651.3    15     97
 ICRF J030642.6+624302   0302+625 C2 1     3  6 42.659562   62 43  2.02420   0.000065  0.00058  -.169 2449179.9 2448614.5 2449897.3    21     70
 ICRF J030903.6+102916   0306+102 D        3  9  3.623523   10 29 16.34082   0.000023  0.00042  -.804 2448974.6 2447394.6 2449668.4    18     76
 ICRF J030956.0-605839   0308-611 D        3  9 56.099167  -60 58 39.05628   0.000038  0.00029   .037 2449030.0 2447627.0 2449896.1    79    738
 ICRF J031155.2-765150   0312-770 C    *   3 11 55.250335  -76 51 50.84843   0.000221  0.00067   .476 2448768.6 2448111.4 2449896.1     3     17
 ICRF J031301.9+412001   0309+411 D    *   3 13  1.962129   41 20  1.18353   0.000026  0.00031  -.321 2448371.5 2447166.3 2449849.3    29    127
 ICRF J031948.1+413042   0316+413 O    *   3 19 48.160106   41 30 42.10328   0.000182  0.00380        2446428.0 2444091.0 2449752.4   195   5784
 ICRF J031951.2+190131   0317+188 C2 1     3 19 51.256736   19  1 31.29032   0.000028  0.00048  -.737 2449378.1 2448943.0 2449663.3     9     20
 ICRF J032153.1+122113   0319+121 O        3 21 53.103501   12 21 13.95380   0.000068  0.00148        2448587.1 2447020.4 2449791.2    12    144
 ICRF J032957.6+275615   0326+277 O    *   3 29 57.669425   27 56 15.49901   0.000138  0.00210        2448673.8 2447166.3 2449695.3    24    108
 ICRF J033413.6-400825   0332-403 O        3 34 13.654484  -40  8 25.39779   0.000142  0.00163        2448667.5 2447640.7 2449791.2    15     72
 ICRF J033553.9-543025   0334-546 C        3 35 53.924919  -54 30 25.11446   0.000066  0.00137   .211 2448994.8 2447627.0 2449651.3     5     13
 ICRF J033630.1+321829   0333+321 O        3 36 30.107611   32 18 29.34237   0.000068  0.00117        2448549.6 2444774.3 2449577.4    73    424
 ICRF J033717.1+013722   0334+014 C2 2     3 37 17.108822    1 37 22.74287   0.003043  0.01491   .615 2449396.6 2449178.3 2449695.3     3      4
 ICRF J033930.9-014635   0336-019 C2 1 *   3 39 30.937785  - 1 46 35.80391   0.000017  0.00026   .337 2449438.2 2444774.3 2449925.3   303   7113
 ICRF J034035.6-211931   0338-214 O        3 40 35.607839  -21 19 31.17150   0.000097  0.00072        2448293.1 2446876.3 2449630.1     4     34
 ICRF J034423.1+155943   0341+158 C2 1     3 44 23.172178   15 59 43.36987   0.000039  0.00132  -.382 2448969.5 2447394.6 2449660.3    11     34
 ICRF J034506.4+145349   0342+147 D        3 45  6.416546   14 53 49.55818   0.000021  0.00032  -.622 2448810.1 2447394.6 2449446.1    23    177
 ICRF J035721.9-481215   0355-483 C        3 57 21.917867  -48 12 15.16075   0.000092  0.00221   .698 2448656.9 2448162.9 2449331.0     3      9
 ICRF J035929.7+505750   0355+508 O        3 59 29.747263   50 57 50.16149   0.000146  0.00142        2446523.2 2444091.0 2449772.3   509  14647
 ICRF J040221.2-314725   0400-319 C        4  2 21.266012  -31 47 25.94544   0.000044  0.00052  -.361 2449319.1 2448767.4 2449483.2     4     27
 ICRF J040305.5+260001   0400+258 D3 2 *   4  3  5.586048   26  0  1.50274   0.000020  0.00030  -.127 2448991.0 2447006.3 2449821.0    37    397
 ICRF J040353.7-360501   0402-362 O        4  3 53.749905  -36  5  1.91299   0.000142  0.00247        2448953.5 2447416.2 2449925.3   104    445
 ICRF J040534.0-130813   0403-132 O        4  5 34.003421  -13  8 13.69129   0.000052  0.00149        2448959.8 2447177.0 2449651.3     3     43
 ICRF J040659.0-382628   0405-385 C        4  6 59.035298  -38 26 28.04070   0.000189  0.00122  -.367 2448972.4 2448162.9 2449693.1     3     10
 ICRF J040748.4-121136   0405-123 C    *   4  7 48.430971  -12 11 36.65948   0.000177  0.00123  -.152 2449298.0 2448767.4 2449399.0     2     25
 ICRF J040820.3+303230   0405+304 O    *   4  8 20.377574   30 32 30.49043   0.000201  0.00512        2449509.1 2449178.3 2449690.5     8     56
 ICRF J040820.3-654509   0407-658 C        4  8 20.380244  -65 45  9.07841   0.001072  0.00630  -.236 2448508.3 2448162.9 2448767.4     2      7
 ICRF J040905.7-123848   0406-127 C        4  9  5.769741  -12 38 48.14414   0.000029  0.00044  -.816 2448895.2 2447941.8 2449791.2    18     35
 ICRF J040922.0+121739   0406+121 D2 1     4  9 22.008740   12 17 39.84750   0.000021  0.00033  -.704 2448399.7 2446978.4 2449566.4    28    149
 ICRF J041636.5-185108   0414-189 D        4 16 36.544466  -18 51  8.34012   0.000051  0.00048  -.078 2447815.1 2446841.3 2449791.2     3     31
 ICRF J042315.8-012033   0420-014 O3 1 *   4 23 15.800726  - 1 20 33.06524   0.000051  0.00116        2448071.8 2444774.3 2449896.1  1289  28507
 ICRF J042356.0+415002   0420+417 C        4 23 56.009804   41 50  2.71305   0.000029  0.00035   .233 2448365.7 2447569.1 2449695.3    18    173
 ICRF J042442.2-375620   0422-380 D        4 24 42.243727  -37 56 20.78423   0.000033  0.00119   .251 2449082.2 2448162.9 2449751.3    11     60
 ICRF J042446.8+003606   0422+004 D2 1     4 24 46.842052    0 36  6.32983   0.000020  0.00063   .038 2448938.7 2445998.3 2449821.0    11    245
 ICRF J042636.6+051819   0423+051 D        4 26 36.604102    5 18 19.87204   0.000031  0.00087   .101 2448977.8 2448195.2 2449668.4     9     64
 ICRF J042747.5+045708   0425+048 C3 3     4 27 47.570443    4 57  8.32698   0.000111  0.01110  -.983 2448868.0 2447394.6 2449663.3    12     25
 ICRF J042840.4-375619   0426-380 D        4 28 40.424306  -37 56 19.58031   0.000036  0.00047   .011 2448126.2 2447640.7 2449693.1     5     39
 ICRF J043221.1-510925   0431-512 C        4 32 21.178158  -51  9 25.18839   0.000237  0.00323   .864 2448510.5 2448044.3 2449896.1     3      7
 ICRF J043311.0+052115   0430+052 O4 3 *   4 33 11.095560    5 21 15.61961   0.000117  0.00261        2446766.8 2444091.0 2449542.7    51    679
 ICRF J043701.4-184448   0434-188 O        4 37  1.482726  -18 44 48.61337   0.000095  0.00212        2448634.1 2446876.3 2449862.3   120    478
 ICRF J043900.8-452222   0437-454 D        4 39  0.854714  -45 22 22.56260   0.000057  0.00078  -.123 2449444.0 2448767.4 2449896.1     7     32
 ICRF J044017.1-433308   0438-436 C        4 40 17.179991  -43 33  8.60397   0.000031  0.00038  -.187 2449195.9 2447941.8 2449791.2    20     89
 ICRF J044238.6-001743   0440-003 D1 1     4 42 38.660762  - 0 17 43.41910   0.000025  0.00064   .262 2447735.7 2447011.9 2449577.4    15    111
 ICRF J044331.6+344106   0440+345 C2 1     4 43 31.635194   34 41  6.66403   0.000037  0.00047  -.050 2449754.6 2448093.5 2449869.3    13    290
 ICRF J044907.6+112128   0446+112 D        4 49  7.671119   11 21 28.59662   0.000024  0.00051  -.143 2449312.5 2447394.6 2449855.3     5     32
 ICRF J044923.3+633209   0444+634 C        4 49 23.310440   63 32  9.43451   0.000094  0.00066  -.115 2449423.4 2449423.4 2449423.4     1     23
 ICRF J045005.4-810102   0454-810 D        4 50  5.440195  -81  1  2.23146   0.000137  0.00032  -.005 2448784.7 2447627.0 2449896.1    18    148
 ICRF J045314.6-280737   0451-282 C        4 53 14.646803  -28  7 37.32750   0.000100  0.00188  -.694 2448762.4 2447177.0 2449399.0     9     41
 ICRF J045550.7-461558   0454-463 C        4 55 50.772475  -46 15 58.68148   0.000064  0.00271  -.122 2449016.2 2449016.2 2449016.2     1      6
 ICRF J045703.1-232452   0454-234 O2 1     4 57  3.179223  -23 24 52.01989   0.000065  0.00158        2448881.5 2446441.4 2449925.3  1090  15911
 ICRF J045952.0+022931   0457+024 D        4 59 52.050664    2 29 31.17631   0.000019  0.00032   .062 2448993.9 2447006.3 2449751.3    36    394
 ICRF J050112.8-015914   0458-020 C2 1     5  1 12.809889  - 1 59 14.25619   0.000017  0.00026   .398 2449316.5 2444774.3 2449925.3   559  15943
 ICRF J050145.2+135607   0458+138 D2 2     5  1 45.270840   13 56  7.22063   0.000037  0.00064  -.770 2448831.2 2447394.6 2449849.3    13     20
 ICRF J050215.4+060907   0459+060 C3 1     5  2 15.445934    6  9  7.49448   0.000034  0.00106  -.339 2449686.1 2447394.6 2449821.0     6     94
 ICRF J050321.1+020304   0500+019 O        5  3 21.197194    2  3  4.67555   0.000097  0.00328        2448702.9 2447394.6 2449849.3    13     92
 ICRF J050401.7-604952   0503-608 C        5  4  1.701356  -60 49 52.53773   0.000252  0.00138   .520 2448564.2 2448111.4 2449331.0     3     12
 ICRF J050523.1+045942   0502+049 D        5  5 23.184723    4 59 42.72448   0.000037  0.00060  -.584 2448898.2 2447394.6 2449668.4     6     28
 ICRF J050643.9-610940   0506-612 D        5  6 43.988739  -61  9 40.99328   0.000047  0.00035   .145 2448761.0 2448111.4 2449595.2    16     69
 ICRF J050842.3+843204   0454+844 D        5  8 42.363503   84 32  4.54402   0.000194  0.00028  -.046 2448675.2 2446978.4 2449612.4    42    250
 ICRF J050927.4+101144   0506+101 C        5  9 27.457073   10 11 44.60026   0.000065  0.00130  -.654 2448909.5 2447394.6 2449737.4    28     63
 ICRF J051002.3+180041   0507+179 D2 2     5 10  2.369122   18  0 41.58171   0.000020  0.00030  -.396 2449402.4 2447605.6 2449821.0    24    339
 ICRF J051349.1-215916   0511-220 C        5 13 49.114333  -21 59 16.09208   0.000052  0.00140  -.550 2448769.2 2447177.0 2449791.2    13     43
 ICRF J051637.7-723707   0517-726 C        5 16 37.719042  -72 37  7.46573   0.000622  0.00284   .426 2449424.2 2448757.9 2449896.1     3     12
 ICRF J051644.9-620705   0516-621 D        5 16 44.926178  -62  7  5.38930   0.000048  0.00042   .202 2449455.9 2448750.1 2449896.1     9     56
 ICRF J052109.8+163822   0518+165 D4 4     5 21  9.886021   16 38 22.05122   0.000048  0.00101   .569 2448535.9 2447932.1 2449660.3     9     77
 ICRF J052234.4-610757   0522-611 C        5 22 34.425537  -61  7 57.13318   0.000069  0.00060   .295 2448382.5 2447627.0 2448757.9     3     15
 ICRF J052257.9-362730   0521-365 D    *   5 22 57.984651  -36 27 30.85092   0.000036  0.00106   .404 2449078.9 2448111.4 2449896.1     6     25
 ICRF J052531.4-455754   0524-460 C        5 25 31.400087  -45 57 54.68568   0.000125  0.00164   .521 2449751.3 2449751.3 2449751.3     1     18
 ICRF J052930.0-724528   0530-727 D        5 29 30.042235  -72 45 28.50731   0.000073  0.00035  -.149 2448820.3 2447627.0 2449912.3    50    200
 ICRF J053007.9-250329   0528-250 O        5 30  7.962815  -25  3 29.89975   0.000113  0.00122        2448755.5 2447512.5 2449651.3    12     72
 ICRF J053056.4+133155   0528+134 C1 1     5 30 56.416744   13 31 55.14954   0.000017  0.00026   .277 2448027.3 2444774.3 2449925.3  1884  51914
 ICRF J053238.9+073243   0529+075 C        5 32 38.998447    7 32 43.34567   0.000105  0.00111   .252 2448475.4 2444774.3 2449695.3    10     53
 ICRF J053850.3-440508   0537-441 O3 1 *   5 38 50.361540  -44  5  8.93895   0.000126  0.00216        2449238.7 2447306.3 2449912.3   266   2098
 ICRF J053932.0-155030   0537-158 C        5 39 32.010168  -15 50 30.32097   0.000051  0.00104  -.716 2448284.2 2447941.8 2449031.6     7      9
 ICRF J053942.3+143345   0536+145 O1 1     5 39 42.365997   14 33 45.56181   0.000061  0.00286        2448975.8 2447605.6 2449668.4    32     78
 ICRF J053954.2-283955   0537-286 D        5 39 54.281429  -28 39 55.94745   0.000036  0.00046   .282 2448981.0 2448574.3 2449630.1    18     58
 ICRF J054138.0-054149   0539-057 D2 1     5 41 38.083384  - 5 41 49.42839   0.000019  0.00046  -.188 2449489.7 2447177.0 2449821.0     6    173
 ICRF J054236.1+495107   0538+498 D        5 42 36.137916   49 51  7.23356   0.000053  0.00054   .185 2449065.6 2448539.3 2449534.3     4     45
 ICRF J054734.1+272156   0544+273 D1 1     5 47 34.148941   27 21 56.84240   0.000032  0.00043  -.730 2449054.9 2447394.6 2449660.3    14     34
 ICRF J055530.8+394849   0552+398 C2 1     5 55 30.805608   39 48 49.16500   0.000022  0.00026   .108 2448176.1 2444091.0 2449925.3  2343 118072
 ICRF J055932.0+235353   0556+238 D        5 59 32.033133   23 53 53.92690   0.000022  0.00032  -.591 2448493.2 2447394.6 2449849.3    28     57
 ICRF J060309.1+174216   0600+177 C2 1     6  3  9.130274   17 42 16.81064   0.000038  0.00111  -.746 2449535.2 2447394.6 2449821.0    23    191
 ICRF J060752.6+672055   0602+673 C        6  7 52.671683   67 20 55.40986   0.000078  0.00043  -.096 2449751.3 2449751.3 2449751.3     1     37
 ICRF J060759.6-083449   0605-085 C        6  7 59.699234  - 8 34 49.97806   0.000019  0.00033  -.423 2447996.2 2444774.3 2449751.3    31    149
 ICRF J060940.9-154240   0607-157 C        6  9 40.949516  -15 42 40.67238   0.000049  0.00140  -.443 2449047.6 2445466.8 2449791.2    19     89
 ICRF J061357.6+130645   0611+131 C        6 13 57.692754   13  6 45.40144   0.000047  0.00117  -.529 2448946.4 2447394.6 2449668.4     9     27
 ICRF J061423.8+604621   0609+607 D3 2     6 14 23.866195   60 46 21.75538   0.000044  0.00034   .058 2448015.1 2445466.8 2449499.3    16    217
 ICRF J061635.9-345616   0614-349 C        6 16 35.981345  -34 56 16.56410   0.005405  0.03903  -.947 2448767.4 2448767.4 2448767.4     1      2
 ICRF J061732.3-363414   0615-365 C        6 17 32.323936  -36 34 14.80314   0.004648  0.04163  -.969 2448767.4 2448767.4 2448767.4     1      3
 ICRF J062331.7-441302   0622-441 C        6 23 31.786306  -44 13  2.54171   0.000640  0.00450  -.068 2448162.9 2448162.9 2448162.9     1      5
 ICRF J062419.0+385648   0620+389 C        6 24 19.021315   38 56 48.73591   0.000025  0.00033  -.016 2449631.5 2449392.2 2449690.5     6    112
 ICRF J062603.0+820225   0615+820 D        6 26  3.006188   82  2 25.56764   0.000142  0.00030   .009 2448607.0 2447020.4 2449600.8    30    230
 ICRF J063111.9-415426   0629-418 D        6 31 11.998059  -41 54 26.94611   0.000086  0.00095  -.001 2448258.4 2447627.0 2449791.2     6     24
 ICRF J063546.5-751616   0637-752 D    *   6 35 46.507934  -75 16 16.81533   0.000071  0.00027   .005 2449058.8 2447627.0 2449912.3   156   2417
 ICRF J063920.9-334600   0637-337 C        6 39 20.904728  -33 46  0.11360   0.000095  0.00117   .168 2447782.8 2447511.6 2448866.3     3     10
 ICRF J064204.2+675835   0636+680 D1 1     6 42  4.257418   67 58 35.62085   0.000053  0.00030  -.086 2449495.7 2448358.3 2449821.0    29    550
 ICRF J064524.0+212151   0642+214 C        6 45 24.099488   21 21 51.20191   0.000034  0.00054  -.878 2449126.1 2448093.5 2449663.3    15     43
 ICRF J064632.0+445116   0642+449 D1 1     6 46 32.025985   44 51 16.59013   0.000024  0.00027   .070 2449389.5 2445466.8 2449925.3    86   1250
 ICRF J064814.0-304419   0646-306 C2 2     6 48 14.096463  -30 44 19.65964   0.000035  0.00041  -.601 2449132.2 2447640.7 2449663.3     8    145
 ICRF J064848.4-473427   0647-475 C        6 48 48.452021  -47 34 27.18600   0.005321  0.02110  -.739 2448767.4 2448767.4 2448767.4     1      2
 ICRF J065024.5-163739   0648-165 D        6 50 24.581852  -16 37 39.72500   0.000042  0.00070  -.059 2447535.4 2446876.3 2449595.2     2     33
 ICRF J065358.2+370540   0650+371 C        6 53 58.282844   37  5 40.60649   0.000035  0.00052  -.227 2449030.6 2448349.1 2449751.3    37    113
 ICRF J070001.5+170921   0657+172 C2 1     7  0  1.525540   17  9 21.70163   0.000018  0.00027  -.026 2448854.6 2447517.9 2449693.1   113    849
 ICRF J070134.5-463436   0700-465 C        7  1 34.547145  -46 34 36.62034   0.000469  0.00392  -.332 2448162.9 2448162.9 2448162.9     1      3
 ICRF J071046.1+473211   0707+476 D2 1     7 10 46.104900   47 32 11.14267   0.000028  0.00029   .003 2449334.9 2446978.4 2449821.0     9    326
 ICRF J071338.1+434917   0710+439 O4 3     7 13 38.164136   43 49 17.20702   0.000120  0.00272        2449264.5 2448180.2 2449612.4    23    307
 ICRF J071424.8+353439   0711+356 O        7 14 24.817575   35 34 39.79350   0.000131  0.00223        2448239.3 2445466.8 2449668.4    13    131
 ICRF J072153.4+712036   0716+714 D    *   7 21 53.448459   71 20 36.36339   0.000058  0.00028   .092 2448388.5 2447166.3 2449751.3   115    688
 ICRF J072516.8+142513   0722+145 D        7 25 16.807752   14 25 13.74684   0.000023  0.00046   .001 2448704.3 2447394.6 2449695.3    10     62
 ICRF J072550.6-005456   0723-008 D3 2     7 25 50.639953  - 0 54 56.54438   0.000019  0.00034  -.190 2448084.2 2444774.3 2449821.0    19    334
 ICRF J072611.7+791131   0718+792 D2 1     7 26 11.735177   79 11 31.01624   0.000097  0.00027   .060 2449787.5 2448224.2 2449925.3    38   1457
 ICRF J072905.4-363945   0727-365 C        7 29  5.425027  -36 39 45.29030   0.054838  0.28833  -.999 2448767.4 2448767.4 2448767.4     1      1
 ICRF J073019.1-114112   0727-115 O2 1     7 30 19.112468  -11 41 12.60041   0.000043  0.00105        2448777.0 2445259.7 2449925.3  1384  32167
 ICRF J073545.8-173548   0733-174 D        7 35 45.812508  -17 35 48.50131   0.000061  0.00138  -.342 2448915.5 2445900.6 2449273.2     7     48
 ICRF J073807.3+174218   0735+178 O    *   7 38  7.393745   17 42 18.99829   0.000039  0.00056        2449066.3 2444774.3 2449751.3   503  12686
 ICRF J073816.9-332212   0736-332 C        7 38 16.949145  -33 22 12.77740   0.000305  0.00193  -.452 2449083.2 2448767.4 2449399.0     2      8
 ICRF J073856.4-673550   0738-674 D        7 38 56.496292  -67 35 50.82583   0.000090  0.00052   .054 2449189.9 2447627.0 2449896.1     7     33
 ICRF J073918.0+013704   0736+017 C        7 39 18.033894    1 37  4.61797   0.000020  0.00035  -.560 2447554.4 2444774.3 2449600.8    26    130
 ICRF J074110.7+311200   0738+313 D        7 41 10.703308   31 12  0.22862   0.000022  0.00029   .031 2448627.6 2445466.8 2449849.3    22    512
 ICRF J074202.7+490015   0738+491 C        7 42  2.748951   49  0 15.60912   0.000042  0.00039  -.096 2449751.3 2449751.3 2449751.3     1     34
 ICRF J074331.6-672625   0743-673 C        7 43 31.611506  -67 26 25.54618   0.001087  0.06235  -.185 2448601.0 2448111.4 2449535.5     4     17
 ICRF J074533.0+101112   0742+103 O4 1     7 45 33.059509   10 11 12.69254   0.000049  0.00108        2448007.1 2444774.3 2449821.0   316   6712
 ICRF J074554.0-004417   0743-006 O2 1     7 45 54.082299  - 0 44 17.53921   0.000105  0.00284        2447387.7 2445998.3 2449695.3    25    198
 ICRF J074625.8+254902   0743+259 D        7 46 25.874166   25 49  2.13488   0.000033  0.00066  -.372 2448512.4 2447408.1 2449499.3     6     21
 ICRF J074836.1+240024   0745+241 D        7 48 36.109278   24  0 24.11018   0.000019  0.00028  -.022 2448241.0 2447517.9 2449600.8   114    617
 ICRF J075052.0+123104   0748+126 C        7 50 52.045731   12 31  4.82823   0.000019  0.00030  -.154 2447762.0 2444774.3 2449663.3    19    239
 ICRF J075301.3+535259   0749+540 D1 1     7 53  1.384573   53 52 59.63716   0.000030  0.00027   .060 2449755.5 2445776.3 2449898.3    37   2087
 ICRF J075706.6+095634   0754+100 D        7 57  6.642936    9 56 34.85210   0.000021  0.00034  -.086 2447266.7 2445998.3 2449849.3    15    215
 ICRF J080815.5-075109   0805-077 C3 1     8  8 15.536036  - 7 51  9.88642   0.000019  0.00032  -.459 2448619.1 2447177.0 2449791.2    27     95
 ICRF J080839.6+495036   0804+499 D1 1     8  8 39.666274   49 50 36.53046   0.000027  0.00026   .081 2449583.0 2447166.3 2449925.3   155   9947
 ICRF J080856.6+405244   0805+410 D2 1     8  8 56.652038   40 52 44.88889   0.000023  0.00027   .050 2449673.9 2448721.4 2449898.3    36   1519
 ICRF J081108.8-492943   0809-493 C        8 11  8.802530  -49 29 43.50928   0.000722  0.00539  -.152 2448044.3 2448044.3 2448044.3     1      5
 ICRF J081126.7+014652   0808+019 C1 1     8 11 26.707322    1 46 52.21998   0.000018  0.00031  -.317 2449269.1 2446978.4 2449821.0    29    279
 ICRF J081525.9+363515   0812+367 D        8 15 25.944824   36 35 15.14830   0.000031  0.00046   .189 2447765.3 2445776.3 2449555.3     6     75
 ICRF J081815.9+422245   0814+425 C        8 18 15.999611   42 22 45.41498   0.000024  0.00027   .029 2448209.3 2445139.3 2449690.5   137   1496
 ICRF J082057.4-125859   0818-128 D    *   8 20 57.447616  -12 58 59.16949   0.000029  0.00046  -.480 2448831.8 2447512.5 2449897.3     8     37
 ICRF J082447.2+555242   0820+560 D2 1     8 24 47.236351   55 52 42.66938   0.000031  0.00026   .054 2449264.3 2446978.4 2449849.3    48   2072
 ICRF J082455.4+391641   0821+394 D        8 24 55.483865   39 16 41.90430   0.000029  0.00037   .164 2448624.6 2448195.2 2449577.4     9    102
 ICRF J082526.8-501038   0823-500 C        8 25 26.869117  -50 10 38.48735   0.000227  0.00148  -.399 2448784.7 2448162.9 2449896.1     3     21
 ICRF J082538.6+615728   0821+621 C        8 25 38.612165   61 57 28.57917   0.000111  0.00050   .293 2449423.4 2449423.4 2449423.4     1     28
 ICRF J082550.3+030924   0823+033 C2 1     8 25 50.338356    3  9 24.52016   0.000017  0.00026   .123 2449200.2 2445466.8 2449912.3   408  11767
 ICRF J082601.5-223027   0823-223 C        8 26  1.572952  -22 30 27.20373   0.000123  0.00278  -.556 2447024.1 2446876.3 2447172.0     2     12
 ICRF J082804.7-373106   0826-373 D    *   8 28  4.780268  -37 31  6.28064   0.000051  0.00050  -.053 2448455.1 2447511.6 2449630.1     9     48
 ICRF J083052.0+241059   0827+243 C        8 30 52.086191   24 10 59.82068   0.000023  0.00037   .003 2448239.3 2447024.2 2449612.4    11    123
 ICRF J083148.8+042939   0829+046 D        8 31 48.876955    4 29 39.08534   0.000026  0.00053  -.018 2449138.1 2448650.3 2449534.3     4     59
 ICRF J083223.2+491321   0828+493 D        8 32 23.216688   49 13 21.03823   0.000031  0.00037   .078 2448526.8 2447024.2 2449499.3    18    133
 ICRF J083322.3-444138   0831-445 C        8 33 22.315631  -44 41 38.71463   0.000603  0.00381  -.254 2449028.1 2448044.3 2449896.1     6     15
 ICRF J083454.9+553421   0831+557 D4 3     8 34 54.903997   55 34 21.07080   0.000097  0.00068   .096 2448902.8 2447932.1 2449457.3     8     70
 ICRF J083520.6-451035   0833-450 C        8 35 20.655289  -45 10 35.15391   0.001715  0.01125  -.395 2448133.3 2448044.3 2448162.9     2      4
 ICRF J083639.2-201659   0834-201 D        8 36 39.215215  -20 16 59.50350   0.000035  0.00071  -.113 2447992.6 2446841.3 2449651.3     5     33
 ICRF J083722.4+582501   0833+585 D3 1     8 37 22.409733   58 25  1.84521   0.000043  0.00031   .060 2449394.1 2446978.4 2449821.0    19    334
 ICRF J084124.3+705342   0836+710 C        8 41 24.365236   70 53 42.17328   0.000117  0.00064   .140 2448388.1 2446978.4 2449695.3     7    105
 ICRF J084127.0-754027   0842-754 C        8 41 27.034888  -75 40 27.87078   0.002953  0.00740  -.514 2448205.8 2448111.4 2448866.3     2      8
 ICRF J084205.0+183540   0839+187 D        8 42  5.094180   18 35 40.99061   0.000026  0.00048   .243 2448610.2 2447876.3 2449660.3     8    118
 ICRF J085441.9+575729   0850+581 D        8 54 41.996385   57 57 29.93928   0.000055  0.00044  -.252 2449255.2 2448721.4 2449534.3     3     56
 ICRF J085448.8+200630   0851+202 C2 1 *   8 54 48.874924   20  6 30.64088   0.000018  0.00026   .086 2447709.2 2444204.2 2449925.3  2173  64014
 ICRF J090216.8-141530   0859-140 C        9  2 16.830898  -14 15 30.87530   0.000042  0.00044  -.560 2448495.7 2446876.3 2449600.8    20     70
 ICRF J090303.9+465104   0859+470 D3 2     9  3  3.990103   46 51  4.13753   0.000026  0.00028   .029 2448772.7 2447006.3 2449821.0   107    653
 ICRF J090910.0+012135   0906+015 C        9  9 10.091601    1 21 35.61770   0.000020  0.00035  -.422 2448304.6 2447006.3 2449751.3    22    186
 ICRF J091437.9+024559   0912+029 C        9 14 37.913439    2 45 59.24629   0.000072  0.00109  -.898 2448864.2 2447408.1 2449555.3     4     13
 ICRF J091552.4+293324   0912+297 D1 1 *   9 15 52.401620   29 33 24.04274   0.000032  0.00057   .223 2449057.5 2448195.2 2449660.3     7    100
 ICRF J092058.4+444153   0917+449 D        9 20 58.458480   44 41 53.98502   0.000026  0.00030  -.124 2448756.0 2446978.4 2449600.8    28    141
 ICRF J092129.3-261843   0919-260 O3 2     9 21 29.353871  -26 18 43.38615   0.000128  0.00339        2449224.3 2446841.3 2449912.3   187   2389
 ICRF J092136.2+621552   0917+624 D2 1     9 21 36.231054   62 15 52.18035   0.000039  0.00027   .030 2449215.5 2445776.3 2449821.0    11    477
 ICRF J092246.4-395935   0920-397 C        9 22 46.418275  -39 59 35.06753   0.000035  0.00075  -.471 2449065.0 2447686.6 2449912.3    20     90
 ICRF J092314.4+384939   0920+390 C        9 23 14.452940   38 49 39.91017   0.000025  0.00032  -.134 2449848.4 2449737.4 2449911.3    11    110
 ICRF J092703.0+390220   0923+392 O2 1     9 27  3.013906   39  2 20.85196   0.000042  0.00047        2448039.7 2444091.0 2449925.3  2185  96427
 ICRF J092751.8-203451   0925-203 C        9 27 51.824304  -20 34 51.23227   0.000091  0.00626  -.526 2448662.8 2447941.8 2449517.8    24     68
 ICRF J093032.5-853359   0936-853 C        9 30 32.571196  -85 33 59.69200   0.004016  0.00396   .068 2448887.8 2448162.9 2449651.3     4     15
 ICRF J094855.3+403944   0945+408 D2 2     9 48 55.338145   40 39 44.58719   0.000027  0.00033   .094 2448666.9 2447932.1 2449660.3     9    123
 ICRF J095456.8+174331   0952+179 D        9 54 56.823626   17 43 31.22242   0.000024  0.00053  -.040 2448756.0 2448159.3 2449566.4    15     91
 ICRF J095524.7+690113   0951+692 C        9 55 24.774751   69  1 13.70255   0.000107  0.00065   .123 2449239.0 2449226.3 2449268.3     3     97
 ICRF J095533.1+690355   0951+693 O        9 55 33.173011   69  3 55.06104   0.000215  0.00089        2449465.4 2449142.3 2449918.3    10    397
 ICRF J095649.8+251516   0953+254 O2 1     9 56 49.875356   25 15 16.04963   0.000043  0.00060        2449232.7 2444447.5 2449910.1   250   5878
 ICRF J095819.6+472507   0955+476 D1 1     9 58 19.671648   47 25  7.84250   0.000026  0.00026   .039 2449398.6 2448721.4 2449925.3   335  11583
 ICRF J095820.9+322402   0955+326 D    *   9 58 20.949621   32 24  2.20929   0.000031  0.00047   .081 2448569.9 2447762.2 2449555.3     6    101
 ICRF J095847.2+653354   0954+658 D        9 58 47.245101   65 33 54.81806   0.000042  0.00026   .017 2448615.4 2446977.3 2449884.3   236   7668
 ICRF J100159.9-443800   0959-443 C       10  1 59.907283  -44 38  0.60564   0.000549  0.00411  -.490 2448507.3 2448044.3 2449896.1     2      8
 ICRF J100614.0-501813   1004-500 C       10  6 14.009559  -50 18 13.47089   0.001635  0.01727  -.887 2449535.5 2449535.5 2449535.5     1      2
 ICRF J100741.4+135629   1004+141 O3 2    10  7 41.498082   13 56 29.60073   0.000050  0.00104        2449255.4 2447011.9 2449905.3    21    317
 ICRF J101353.4+244916   1011+250 C       10 13 53.428730   24 49 16.44127   0.000038  0.00069  -.276 2449233.9 2448354.1 2449695.3    17     42
 ICRF J101447.0+230116   1012+232 D       10 14 47.065445   23  1 16.57091   0.000024  0.00039  -.344 2448580.8 2447408.1 2449577.4    11     83
 ICRF J101725.8+611627   1014+615 C       10 17 25.887530   61 16 27.49687   0.000085  0.00053   .199 2449423.4 2449423.4 2449423.4     1     34
 ICRF J102232.7-103744   1020-103 C    *  10 22 32.798030  -10 37 44.38842   0.007404  0.02425   .877 2449651.3 2449651.3 2449651.3     1      2
 ICRF J102311.5+394815   1020+400 D3 1    10 23 11.565623   39 48 15.38539   0.000029  0.00036   .017 2448470.1 2446978.4 2449695.3     9    116
 ICRF J102429.5-005255   1021-006 O       10 24 29.586611  - 0 52 55.49786   0.000119  0.00244        2449254.4 2448665.3 2449690.5     9     97
 ICRF J102444.8+191220   1022+194 C2 2    10 24 44.809595   19 12 20.41526   0.000047  0.00099  -.218 2449688.9 2447783.7 2449821.0     8    175
 ICRF J103303.7+411606   1030+415 D       10 33  3.707841   41 16  6.23297   0.000042  0.00044   .195 2447892.9 2447020.4 2449499.3    12     82
 ICRF J103502.1-201134   1032-199 D       10 35  2.155274  -20 11 34.35975   0.000050  0.00048   .050 2448646.0 2447177.0 2449791.2     4     33
 ICRF J103507.0+562846   1031+567 C    *  10 35  7.040181   56 28 46.79673   0.000209  0.00185   .562 2448462.7 2447024.2 2449690.5    15     95
 ICRF J103716.0-293402   1034-293 O1 1    10 37 16.079728  -29 34  2.81318   0.000107  0.00242        2448769.1 2446441.4 2449912.3   620   5639
 ICRF J104117.1+061016   1038+064 D3 1    10 41 17.162504    6 10 16.92378   0.000020  0.00035  -.423 2448204.8 2447569.1 2449737.4    16    114
 ICRF J104142.9-474006   1039-474 C       10 41 42.939703  -47 40  6.52738   0.029517  0.28851 -1.000 2449535.5 2449535.5 2449535.5     1      1
 ICRF J104146.7+523328   1038+528 D       10 41 46.781639   52 33 28.23127   0.000029  0.00028   .061 2449331.5 2448525.3 2449884.3    43    525
 ICRF J104148.8+523355   1038+529 D       10 41 48.897638   52 33 55.60790   0.000073  0.00056  -.323 2449507.2 2448651.3 2449884.3    12     67
 ICRF J104244.6+120331   1040+123 D       10 42 44.605212   12  3 31.26407   0.000024  0.00040  -.077 2448805.8 2447660.2 2449791.2     9     89
 ICRF J104423.0+805439   1039+811 D       10 44 23.062554   80 54 39.44303   0.000117  0.00027   .009 2448930.5 2447289.2 2449695.3    34    266
 ICRF J104455.9+065538   1042+071 C       10 44 55.911265    6 55 38.26250   0.000035  0.00069  -.504 2448910.4 2447783.7 2449499.3     5     19
 ICRF J104806.6-190935   1045-188 O       10 48  6.620574  -19  9 35.72656   0.000084  0.00173        2448684.0 2447177.0 2449630.1     3     18
 ICRF J104827.6+714335   1044+719 C1 1    10 48 27.619892   71 43 35.93846   0.000056  0.00026   .024 2449652.1 2447605.6 2449910.1   108   4169
 ICRF J105104.7-313814   1048-313 C       10 51  4.777555  -31 38 14.30773   0.000069  0.00058  -.228 2447672.0 2447640.7 2447686.6     2     22
 ICRF J105148.7+211952   1049+215 D2 1    10 51 48.789073   21 19 52.31411   0.000020  0.00030   .018 2449498.2 2447932.1 2449821.0     6    218
 ICRF J105653.6+701145   1053+704 C       10 56 53.617499   70 11 45.91587   0.000057  0.00029  -.010 2449462.5 2449126.2 2449884.3    17    246
 ICRF J105811.5+811432   1053+815 D1 1    10 58 11.535365   81 14 32.67521   0.000118  0.00027   .095 2449404.3 2447453.5 2449910.1    92   1916
 ICRF J105829.6+013358   1055+018 O       10 58 29.605209    1 33 58.82372   0.000052  0.00182        2447703.7 2444774.3 2449663.3   266   4021
 ICRF J105843.3-800354   1057-797 D       10 58 43.309786  -80  3 54.15949   0.000106  0.00027   .004 2449024.3 2447627.0 2449912.3   148   2004
 ICRF J110331.5-325116   1101-325 C    *  11  3 31.526414  -32 51 16.69195   0.000064  0.00183   .297 2448816.1 2447511.6 2449651.3     5      7
 ICRF J110352.2-535700   1101-536 C       11  3 52.221670  -53 57  0.69643   0.000033  0.00033   .134 2449236.3 2447627.0 2449896.1    25    181
 ICRF J110427.3+381231   1101+384 C1 1 *  11  4 27.313906   38 12 31.79908   0.000039  0.00052   .557 2449669.2 2449520.3 2449690.5     2     32
 ICRF J110708.6-444907   1104-445 O       11  7  8.694143  -44 49  7.61841   0.000152  0.00247        2449114.4 2447627.0 2449912.3   216   1478
 ICRF J110712.6-682050   1105-680 C       11  7 12.694528  -68 20 50.72894   0.000304  0.00163   .640 2448935.2 2448388.9 2449331.0     3     19
 ICRF J111358.6+144226   1111+149 D       11 13 58.695097   14 42 26.95262   0.000023  0.00042  -.107 2448225.2 2447006.3 2449457.3    16    149
 ICRF J111826.9-463415   1116-462 C       11 18 26.957601  -46 34 15.00140   0.000062  0.00082   .491 2448556.6 2448111.4 2449331.0     6     16
 ICRF J111857.3+123441   1116+128 D3 2    11 18 57.301443   12 34 41.71806   0.000018  0.00031  -.156 2449282.7 2447275.3 2449821.0    23    243
 ICRF J112027.8+142054   1117+146 C3 4    11 20 27.807269   14 20 54.99422   0.000538  0.00710  -.454 2449207.9 2449099.1 2449534.3     2      4
 ICRF J112553.7+261019   1123+264 O       11 25 53.711931   26 10 19.97862   0.000067  0.00112        2448716.0 2446978.4 2449849.3   147   1120
 ICRF J112704.3-185717   1124-186 C       11 27  4.392428  -18 57 17.44154   0.000019  0.00030  -.208 2449243.2 2446876.3 2449912.3    91    684
 ICRF J112813.3+592514   1125+596 C       11 28 13.340725   59 25 14.80002   0.000118  0.00076   .263 2449423.4 2449423.4 2449423.4     1     27
 ICRF J113007.0-144927   1127-145 C4 2    11 30  7.052573  -14 49 27.38793   0.000037  0.00114  -.351 2449313.1 2445259.7 2449791.2    26    352
 ICRF J113053.2+381518   1128+385 D1 1    11 30 53.282612   38 15 18.54707   0.000022  0.00026  -.042 2449535.3 2445776.3 2449925.3   175   7357
 ICRF J113130.5-050019   1128-047 C       11 31 30.516713  - 5  0 19.65713   0.000031  0.00061  -.087 2449409.1 2449100.2 2449548.3     4     48
 ICRF J113143.2-581853   1129-580 C       11 31 43.287417  -58 18 53.44656   0.001192  0.01188   .805 2449535.5 2449535.5 2449535.5     1      2
 ICRF J113320.0+004052   1130+009 D2 1    11 33 20.055797    0 40 52.83720   0.000022  0.00051  -.515 2449112.4 2447020.4 2449821.0    23    211
 ICRF J114608.1-244732   1143-245 D       11 46  8.103374  -24 47 32.89681   0.000080  0.00068  -.205 2448071.6 2447640.7 2449896.1     3     33
 ICRF J114658.2+395834   1144+402 O       11 46 58.297906   39 58 34.30461   0.000078  0.00116        2447066.4 2445139.3 2449663.3   138   2084
 ICRF J114701.3-381211   1144-379 C       11 47  1.370687  -38 12 11.02348   0.000024  0.00030  -.328 2449308.7 2447654.5 2449925.3    64    314
 ICRF J114751.5-072441   1145-071 C3 1    11 47 51.554038  - 7 24 41.14107   0.000018  0.00029  -.045 2449195.3 2447177.0 2449820.3    56    464
 ICRF J115019.2+241753   1147+245 D       11 50 19.212173   24 17 53.83503   0.000045  0.00063  -.108 2449039.5 2448721.4 2449534.3     2     23
 ICRF J115043.8-002354   1148-001 C       11 50 43.870784  - 0 23 54.20485   0.000024  0.00056   .089 2448128.3 2447024.2 2449849.3    17    128
 ICRF J115113.4-672811   1148-671 D       11 51 13.426591  -67 28 11.09423   0.000088  0.00059   .431 2448705.7 2448044.3 2449408.1     5     33
 ICRF J115312.4+805829   1150+812 D2 2    11 53 12.499130   80 58 29.15451   0.000114  0.00027   .009 2449157.9 2446977.3 2449821.0    41   1058
 ICRF J115324.4+493108   1150+497 D    *  11 53 24.466626   49 31  8.83014   0.000036  0.00037   .296 2448716.2 2447932.1 2449695.3     6     80
 ICRF J115825.7+245017   1155+251 D       11 58 25.787505   24 50 17.96369   0.000037  0.00060   .266 2448861.3 2448180.2 2449660.3     7     78
 ICRF J115912.7-094052   1156-094 C3 3    11 59 12.711697  - 9 40 52.04888   0.000079  0.00322  -.773 2449323.6 2447941.8 2449791.2     8     17
 ICRF J115931.8+291443   1156+295 C2 2    11 59 31.833914   29 14 43.82693   0.000020  0.00026  -.071 2448185.7 2446978.4 2449849.3   285   7176
 ICRF J120935.2-401613   1206-399 C       12  9 35.243318  -40 16 13.10027   0.018417  0.02742   .244 2447807.7 2447511.6 2448044.3     3      9
 ICRF J121546.7-173145   1213-172 C       12 15 46.751764  -17 31 45.40287   0.000043  0.00041   .004 2448762.9 2446841.3 2449869.3     4     34
 ICRF J121555.6+344815   1213+350 D3 1    12 15 55.601049   34 48 15.22053   0.000027  0.00035   .014 2449425.8 2448195.2 2449821.0    11    298
 ICRF J121752.0+300700   1215+303 D       12 17 52.081987   30  7  0.63625   0.000030  0.00054   .198 2448795.9 2448435.2 2449668.4     5     77
 ICRF J121806.2-460029   1215-457 C       12 18  6.252147  -46  0 29.01041   0.001021  0.00776  -.811 2448747.0 2448162.9 2449331.0     2      6
 ICRF J121906.4+482956   1216+487 D       12 19  6.414733   48 29 56.16497   0.000032  0.00032   .081 2448756.3 2446978.4 2449737.4    12    204
 ICRF J122131.6+281358   1219+285 C       12 21 31.690512   28 13 58.50014   0.000023  0.00034  -.495 2446621.8 2444447.5 2449849.3    27    203
 ICRF J122222.5+041315   1219+044 D2 1    12 22 22.549618    4 13 15.77630   0.000017  0.00026  -.238 2449589.5 2448379.3 2449925.3   237   7633
 ICRF J122340.4+804004   1221+809 D2 1    12 23 40.493698   80 40  4.34031   0.000123  0.00030  -.088 2449531.7 2448023.2 2449821.0     9    515
 ICRF J122452.4+033050   1222+037 C       12 24 52.421888    3 30 50.29322   0.000053  0.00195  -.032 2448144.9 2446503.3 2449577.4    47    185
 ICRF J122454.3-831310   1221-829 C       12 24 54.383445  -83 13 10.10523   0.003023  0.00611  -.493 2448044.3 2448044.3 2448044.3     1      4
 ICRF J122847.4+370612   1226+373 D1 1    12 28 47.423662   37  6 12.09578   0.000027  0.00032  -.073 2449313.6 2448379.3 2449751.3     6    167
 ICRF J122906.6+020308   1226+023 O    *  12 29  6.699728    2  3  8.59824   0.000119  0.00284        2446611.2 2444091.0 2449752.4  1120  27264
 ICRF J123049.4+122328   1228+126 C3 2    12 30 49.423381   12 23 28.04390   0.000034  0.00047  -.057 2449381.0 2446503.3 2449925.3    40    457
 ICRF J123715.2-504623   1234-504 C       12 37 15.238939  -50 46 23.17192   0.001450  0.00627  -.679 2448767.4 2448767.4 2448767.4     1      6
 ICRF J123924.5+073017   1236+077 D2 1    12 39 24.588312    7 30 17.18909   0.000021  0.00042  -.068 2449639.5 2448379.3 2449821.0     4    163
 ICRF J123943.0-102328   1237-101 C       12 39 43.061423  -10 23 28.69259   0.000043  0.00064   .221 2449399.0 2449399.0 2449399.0     1      8
 ICRF J123946.6-684530   1236-684 D       12 39 46.651396  -68 45 30.89260   0.000155  0.00100  -.358 2449261.5 2448044.3 2449896.1     3     24
 ICRF J123959.4-113722   1237-113 C       12 39 59.430198  -11 37 22.98492   0.001402  0.01335  -.675 2449890.2 2449884.3 2449896.1     2      4
 ICRF J124251.3+375100   1240+381 C       12 42 51.369079   37 51  0.02510   0.000051  0.00042  -.316 2449534.7 2449430.4 2449751.3     2     80
 ICRF J124604.2-073046   1243-072 C       12 46  4.232116  - 7 30 46.57478   0.000027  0.00046  -.578 2447836.5 2447177.0 2449499.3    11     40
 ICRF J124646.8-254749   1244-255 C       12 46 46.802038  -25 47 49.28871   0.000020  0.00029  -.299 2449085.9 2446876.3 2449896.1    87    557
 ICRF J125359.5-405930   1251-407 C       12 53 59.533598  -40 59 30.68936   0.000171  0.00503   .543 2449814.5 2449651.3 2449896.1     2      9
 ICRF J125438.2+114105   1252+119 D       12 54 38.255601   11 41  5.89507   0.000019  0.00032  -.035 2448651.5 2446978.4 2449849.3    36    241
 ICRF J125459.9-713818   1251-713 D       12 54 59.921421  -71 38 18.43664   0.000066  0.00032   .067 2448771.3 2447627.0 2449693.1    19    144
 ICRF J125611.1-054721   1253-055 O       12 56 11.166507  - 5 47 21.52481   0.000111  0.00300        2447338.4 2444091.0 2449883.3   242   4321
 ICRF J125614.2+565225   1254+571 C    *  12 56 14.233964   56 52 25.23721   0.000105  0.00096   .656 2449690.5 2449690.5 2449690.5     1     24
 ICRF J125759.0-315516   1255-316 C       12 57 59.060767  -31 55 16.85182   0.000025  0.00041   .220 2449501.2 2447640.7 2449912.3    13    208
 ICRF J130020.9+141718   1257+145 D       13  0 20.918799   14 17 18.53107   0.000038  0.00063   .297 2449383.9 2448805.4 2449690.5    10     59
 ICRF J130252.4+574837   1300+580 O1 1    13  2 52.465276   57 48 37.60941   0.000069  0.00075        2449831.1 2449423.4 2449898.3    14    874
 ICRF J130533.0-103319   1302-102 C    *  13  5 33.015018  -10 33 19.42796   0.000020  0.00033  -.481 2448565.7 2447177.0 2449600.8    25     78
 ICRF J130933.9+115424   1307+121 C3 2    13  9 33.932424   11 54 24.55204   0.000044  0.00076   .098 2449705.8 2449100.2 2449821.0     3    137
 ICRF J131028.6+322043   1308+326 D1 1    13 10 28.663845   32 20 43.78295   0.000020  0.00026  -.152 2449096.6 2444774.3 2449925.3   869  40832
 ICRF J131607.9-333859   1313-333 C1 1    13 16  7.985934  -33 38 59.17236   0.000024  0.00031  -.466 2449069.7 2447416.2 2449693.1    67    322
 ICRF J131736.4+342515   1315+346 C2 1 *  13 17 36.494181   34 25 15.93257   0.000025  0.00049  -.464 2449170.2 2447946.9 2449690.5    21     88
 ICRF J132304.2-445233   1320-446 C       13 23  4.245804  -44 52 33.85272   0.000623  0.00321   .149 2449066.0 2448767.4 2449896.1     3     17
 ICRF J132527.6-430108   1322-427 C       13 25 27.615217  -43  1  8.80528   0.000198  0.00161   .732 2449206.3 2448111.4 2449896.1     3     14
 ICRF J132616.5+315409   1323+321 C4 4    13 26 16.511396   31 54  9.51991   0.000188  0.00199   .028 2449399.3 2448224.2 2449542.7     6    110
 ICRF J132700.8+221050   1324+224 D    *  13 27  0.861311   22 10 50.16306   0.000020  0.00031  -.534 2448962.4 2448429.5 2449737.4    37    116
 ICRF J133108.2+303032   1328+307 C       13 31  8.288145   30 30 32.95986   0.000094  0.00119   .442 2449096.4 2448788.4 2449499.3     4     25
 ICRF J133237.5-664650   1329-665 C       13 32 37.517448  -66 46 50.44682   0.092072  0.94670   .979 2448767.4 2448767.4 2448767.4     1      1
 ICRF J133739.7-125724   1334-127 O2 1    13 37 39.782777  -12 57 24.69308   0.000054  0.00130        2448947.9 2446841.3 2449925.3  1080  23245
 ICRF J133752.4-650924   1334-649 C       13 37 52.444609  -65  9 24.89757   0.000798  0.00335  -.259 2448970.2 2448044.3 2449896.1     2     10
 ICRF J134022.9+375443   1338+381 C    *  13 40 22.951763   37 54 43.83468   0.000111  0.00120  -.483 2449287.9 2449031.6 2449849.3     7     29
 ICRF J134345.9+660225   1342+662 D2 1    13 43 45.959534   66  2 25.74503   0.000059  0.00035  -.014 2449242.5 2447783.7 2449612.4     6    116
 ICRF J134408.6+660611   1342+663 D       13 44  8.679674   66  6 11.64381   0.000047  0.00029   .144 2448481.8 2447453.5 2449849.3    36    226
 ICRF J134733.3+121724   1345+125 C4 4    13 47 33.361635   12 17 24.24023   0.000028  0.00064   .032 2449298.0 2447660.2 2449542.7     9    187
 ICRF J134934.6+534117   1347+539 D3 2    13 49 34.656623   53 41 17.04028   0.000034  0.00032  -.001 2449520.4 2447932.1 2449821.0    10    358
 ICRF J135256.5-441240   1349-439 C       13 52 56.534909  -44 12 40.38741   0.000038  0.00066  -.548 2448912.1 2448111.4 2449693.1    16     49
 ICRF J135406.8-020603   1351-018 C       13 54  6.895314  - 2  6  3.19053   0.000018  0.00030   .023 2449625.8 2448574.3 2449911.3    38    417
 ICRF J135546.6-632642   1352-632 C       13 55 46.611660  -63 26 42.57485   0.000518  0.00349   .265 2449574.1 2449535.5 2449651.3     2      6
 ICRF J135704.4+191907   1354+195 O       13 57  4.436658   19 19  7.37228   0.000057  0.00131        2447372.6 2444447.5 2449693.1   103   1482
 ICRF J135711.2-152728   1354-152 C       13 57 11.244965  -15 27 28.78636   0.000020  0.00031  -.512 2448251.9 2446876.3 2449663.3    91    309
 ICRF J135755.3+764321   1357+769 C1 1    13 57 55.371524   76 43 21.05116   0.000076  0.00026  -.068 2449585.7 2447011.9 2449925.3   178  17427
 ICRF J135900.1-415252   1355-416 C       13 59  0.183255  -41 52 52.63210   0.001757  0.01158  -.393 2448111.4 2448111.4 2448111.4     1      4
 ICRF J140445.8-013021   1402-012 C       14  4 45.895486  - 1 30 21.94945   0.000122  0.00160   .297 2449288.1 2448665.3 2449690.5     6     34
 ICRF J140501.1+041535   1402+044 C2 1    14  5  1.119805    4 15 35.81906   0.000018  0.00031  -.212 2449590.1 2448889.2 2449884.3    33    322
 ICRF J140700.3+282714   1404+286 O3 1 *  14  7  0.394410   28 27 14.68993   0.000051  0.00111        2447271.3 2444342.7 2449695.3  1180  33641
 ICRF J140856.4-075226   1406-076 C       14  8 56.481199  - 7 52 26.66622   0.000041  0.00043  -.673 2448702.0 2447177.0 2449791.2    22     58
 ICRF J141154.8+213423   1409+218 C       14 11 54.862136   21 34 23.43722   0.000076  0.00209  -.406 2449001.9 2448863.7 2449499.3     2     23
 ICRF J141558.8+132023   1413+135 O1 3    14 15 58.817491   13 20 23.71254   0.000088  0.00260        2448464.0 2445139.3 2449849.3    29    107
 ICRF J141908.1+062834   1416+067 D2 1    14 19  8.180173    6 28 34.80349   0.000083  0.00129   .186 2449420.6 2448195.2 2449821.0     8    118
 ICRF J141946.5+542314   1418+546 D    *  14 19 46.597401   54 23 14.78721   0.000031  0.00027  -.048 2447698.6 2445139.3 2449849.3   130   2179
 ICRF J141946.6+382148   1417+385 C       14 19 46.613740   38 21 48.47498   0.000050  0.00054  -.193 2449751.3 2449751.3 2449751.3     1     30
 ICRF J141959.2+270625   1417+273 C       14 19 59.297083   27  6 25.55244   0.000070  0.00166  -.455 2448930.8 2448863.7 2449534.3     2     30
 ICRF J142230.3+322310   1420+326 C       14 22 30.379016   32 23 10.43924   0.000082  0.00579  -.568 2449087.3 2448863.7 2449534.3     2      9
 ICRF J142700.3+234800   1424+240 C    *  14 27  0.391837   23 48  0.03493   0.000073  0.00149  -.500 2448914.7 2448863.7 2449555.3     3     40
 ICRF J142756.2-420619   1424-418 O       14 27 56.297557  -42  6 19.43749   0.000165  0.00285        2448892.3 2447306.3 2449910.1   182    934
 ICRF J143257.6-180135   1430-178 C       14 32 57.690619  -18  1 35.24845   0.000059  0.00445  -.897 2448768.1 2448160.8 2449566.4    13     23
 ICRF J143439.7+195200   1432+200 C2 1    14 34 39.793350   19 52  0.73552   0.000141  0.00099   .016 2449740.5 2448863.7 2449821.0     3    169
 ICRF J143535.4+301224   1433+304 C2 1    14 35 35.402170   30 12 24.51975   0.000173  0.00211   .168 2448927.3 2448863.7 2449499.3     2     10
 ICRF J143645.8+633637   1435+638 D    *  14 36 45.802138   63 36 37.86658   0.000048  0.00033   .141 2448266.1 2447024.2 2449612.4    12    192
 ICRF J143809.4-220454   1435-218 C       14 38  9.469411  -22  4 54.74790   0.000081  0.00069  -.746 2448901.9 2447177.0 2449446.1    23     60
 ICRF J144516.4+095836   1442+101 D       14 45 16.465213    9 58 36.07244   0.000027  0.00040   .430 2448733.8 2447011.9 2449884.3    33    200
 ICRF J144553.3-162901   1443-162 C       14 45 53.376319  -16 29  1.61908   0.000032  0.00046  -.872 2448584.4 2447941.8 2449566.4    13     29
 ICRF J144815.0-162024   1445-161 D       14 48 15.054162  -16 20 24.54888   0.000030  0.00043  -.865 2448521.4 2447605.6 2449566.4    18     39
 ICRF J144828.7+760111   1448+762 D       14 48 28.778877   76  1 11.59717   0.000176  0.00045   .285 2448457.7 2447020.4 2449555.3     8     67
 ICRF J145427.4-374733   1451-375 C       14 54 27.409777  -37 47 33.14437   0.000029  0.00047  -.010 2448839.9 2447511.6 2449651.3    12     60
 ICRF J145432.9-401232   1451-400 C       14 54 32.912346  -40 12 32.51446   0.000029  0.00037  -.050 2449399.8 2447640.7 2449896.1    14    108
 ICRF J145907.5+714019   1458+718 O3 3    14 59  7.583954   71 40 19.86799   0.000188  0.00092        2449543.9 2448195.2 2449821.0    10    417
 ICRF J150048.6+475115   1459+480 D2 1    15  0 48.654199   47 51 15.53826   0.000034  0.00038   .118 2448587.8 2447460.3 2449555.3     9     98
 ICRF J150424.9+102939   1502+106 O2 1    15  4 24.979782   10 29 39.19865   0.000050  0.00137        2448080.7 2444447.5 2449663.3   603  12485
 ICRF J150506.4+032630   1502+036 C       15  5  6.477205    3 26 30.81298   0.000032  0.00075  -.180 2449101.5 2448854.3 2449555.3     3     49
 ICRF J150609.5+373051   1504+377 D       15  6  9.529958   37 30 51.13241   0.000024  0.00029  -.091 2449018.1 2446978.4 2449612.4    18    198
 ICRF J150704.7-165230   1504-166 C       15  7  4.786942  -16 52 30.26722   0.000021  0.00032  -.659 2448399.0 2446841.3 2449695.3    39    122
 ICRF J151002.9+570243   1508+572 C       15 10  2.922371   57  2 43.37606   0.000035  0.00030  -.067 2449716.4 2449542.3 2449918.3     8    213
 ICRF J151250.5-090559   1510-089 O3 1    15 12 50.532937  - 9  5 59.82948   0.000064  0.00181        2448547.1 2444774.3 2449896.1   312   3756
 ICRF J151344.8-101200   1511-100 C       15 13 44.893455  -10 12  0.26452   0.000024  0.00038  -.685 2448338.3 2446876.3 2449612.4    23     68
 ICRF J151656.7+193212   1514+197 D       15 16 56.796194   19 32 12.99187   0.000026  0.00049  -.040 2448621.0 2448435.2 2449534.3     5     91
 ICRF J151741.8-242219   1514-241 C    *  15 17 41.813134  -24 22 19.47579   0.000026  0.00035  -.702 2448400.9 2446841.3 2449566.4    20     59
 ICRF J152237.6-273010   1519-273 C       15 22 37.675993  -27 30 10.78535   0.000020  0.00029  -.206 2449034.3 2446876.3 2449896.1   119    531
 ICRF J153452.4+013104   1532+016 D4 2    15 34 52.453675    1 31  4.20657   0.000020  0.00049  -.539 2448647.3 2447408.1 2449577.4    23    110
 ICRF J154049.4+144745   1538+149 D       15 40 49.491511   14 47 45.88485   0.000019  0.00030  -.536 2448427.2 2445139.3 2449791.2    39    201
 ICRF J154917.4+503805   1547+507 D       15 49 17.468534   50 38  5.78820   0.000035  0.00036   .345 2448165.2 2447006.3 2449499.3    11    106
 ICRF J154929.4+023701   1546+027 C2 1    15 49 29.436848    2 37  1.16336   0.000018  0.00032  -.362 2449031.4 2447006.3 2449849.3    29    240
 ICRF J155035.2+052710   1548+056 O       15 50 35.269244    5 27 10.44822   0.000046  0.00103        2447546.6 2444774.3 2449693.1   258   5739
 ICRF J155059.1-825806   1540-828 C       15 50 59.144724  -82 58  6.84194   0.004432  0.00508   .149 2448779.6 2448044.3 2449331.0     2      7
 ICRF J155658.8-791404   1549-790 D       15 56 58.869899  -79 14  4.28134   0.000111  0.00032   .105 2448793.3 2447627.0 2449896.1    15    156
 ICRF J155751.4-000150   1555+001 C       15 57 51.433965  - 0  1 50.41366   0.000018  0.00030  -.570 2448288.2 2444774.3 2449660.3    62    235
 ICRF J155821.9-140959   1555-140 C       15 58 21.949635  -14  9 59.07210   0.001209  0.01638  -.999 2448833.9 2448704.6 2448978.0     4      4
 ICRF J155930.9+030448   1557+032 C       15 59 30.972613    3  4 48.25682   0.000029  0.00040  -.133 2449678.5 2449542.3 2449884.3     7     91
 ICRF J160140.4+431647   1600+432 C       16  1 40.443935   43 16 47.75702   0.000164  0.00210  -.012 2449884.3 2449884.3 2449884.3     1      5
 ICRF J160140.5+431646   1600+431 C       16  1 40.515432   43 16 46.47617   0.000161  0.00471   .292 2449884.3 2449884.3 2449884.3     1      3
 ICRF J160207.2+332653   1600+335 D3 1    16  2  7.263468   33 26 53.07267   0.000027  0.00053  -.159 2449181.4 2448104.0 2449695.3     9     43
 ICRF J160431.0-444131   1600-445 C       16  4 31.020029  -44 41 31.95353   0.042414  0.65519   .999 2449535.5 2449535.5 2449535.5     1      1
 ICRF J160734.7-333108   1604-333 D       16  7 34.762344  -33 31  8.91313   0.000047  0.00048  -.881 2449165.0 2448394.2 2449791.2    15     39
 ICRF J160846.2+102907   1606+106 D2 1    16  8 46.203179   10 29  7.77585   0.000017  0.00026  -.426 2449344.9 2445139.3 2449925.3   533  18985
 ICRF J160913.3+264129   1607+268 O4 4    16  9 13.320772   26 41 29.03661   0.000091  0.00206        2449315.8 2444091.0 2449821.0    10    247
 ICRF J161341.0+341247   1611+343 C3 1 *  16 13 41.064250   34 12 47.90905   0.000021  0.00026  -.216 2448649.3 2444774.3 2449925.3   834  27514
 ICRF J161637.5+045932   1614+051 C       16 16 37.556818    4 59 32.73653   0.000018  0.00030  -.154 2449199.6 2447605.6 2449905.3    41    296
 ICRF J161749.2-771718   1610-771 O       16 17 49.276341  -77 17 18.46743   0.000239  0.00092        2449185.5 2447627.0 2449912.3   144   1849
 ICRF J161903.6+061302   1616+063 D       16 19  3.687684    6 13  2.24357   0.000028  0.00067   .049 2449120.0 2448195.2 2449555.3     5     76
 ICRF J162418.4-680912   1619-680 D       16 24 18.437150  -68  9 12.49811   0.000071  0.00057  -.053 2448840.3 2447627.0 2449408.1     7     46
 ICRF J162546.8-252738   1622-253 O1 1    16 25 46.891640  -25 27 38.32671   0.000081  0.00205        2448908.0 2446841.3 2449925.3   750  10193
 ICRF J162557.6+413440   1624+416 D3 2    16 25 57.669700   41 34 40.62922   0.000026  0.00031  -.046 2448373.4 2446365.4 2449884.3    31    247
 ICRF J162606.0-295126   1622-297 C       16 26  6.020829  -29 51 26.97074   0.000029  0.00038  -.613 2448641.0 2446841.3 2449918.3    20    124
 ICRF J163515.4+380804   1633+382 O3 1    16 35 15.492972   38  8  4.50061   0.000061  0.00069        2447915.2 2444447.5 2449925.3   456  13175
 ICRF J163813.4+572023   1637+574 D       16 38 13.456293   57 20 23.97918   0.000032  0.00027  -.085 2447193.3 2444858.3 2449693.1   292   4339
 ICRF J164029.6+394646   1638+398 O1 1    16 40 29.632774   39 46 46.02854   0.000031  0.00039        2449369.0 2445323.0 2449925.3   233  14985
 ICRF J164207.8+685639   1642+690 D3 2    16 42  7.848514   68 56 39.75640   0.000050  0.00027   .004 2445980.3 2444091.0 2449849.3   150   1899
 ICRF J164258.8+394836   1641+399 O    *  16 42 58.809950   39 48 36.99399   0.000091  0.00104        2446595.6 2444091.0 2449772.3  1145  42754
 ICRF J165039.5-294346   1647-296 C       16 50 39.544133  -29 43 46.95469   0.000072  0.00082  -.958 2448974.4 2448346.5 2449663.3    13     17
 ICRF J165352.2+394536   1652+398 C3 2 *  16 53 52.216693   39 45 36.60877   0.000023  0.00029  -.029 2449018.7 2445998.3 2449911.3    25    420
 ICRF J165801.4+344328   1656+348 D       16 58  1.419204   34 43 28.40240   0.000048  0.00058  -.393 2449385.5 2448854.3 2449884.3     5     56
 ICRF J165802.7+473749   1656+477 C       16 58  2.779637   47 37 49.23143   0.000044  0.00045   .000 2449234.5 2449185.4 2449499.3     2     32
 ICRF J165809.0+074127   1655+077 C       16 58  9.011473    7 41 27.54050   0.000021  0.00037  -.387 2448579.4 2447408.1 2449660.3    15     96
 ICRF J165833.4+051516   1656+053 C       16 58 33.447346    5 15 16.44429   0.000018  0.00031  -.089 2448005.8 2444774.3 2449430.4    41    584
 ICRF J170053.1-261051   1657-261 C       17  0 53.154046  -26 10 51.72492   0.000024  0.00033  -.620 2448239.1 2446876.3 2449663.3    36    123
 ICRF J170717.7+453610   1705+456 C3 2    17  7 17.753406   45 36 10.55272   0.000069  0.00077  -.079 2449683.0 2448435.2 2449821.0     6    183
 ICRF J170734.4+014845   1705+018 D2 1    17  7 34.415277    1 48 45.69923   0.000019  0.00031  -.103 2449324.2 2448195.2 2449884.3    30    296
 ICRF J170934.3-172853   1706-174 D       17  9 34.345380  -17 28 53.36480   0.000039  0.00056  -.924 2448908.1 2448093.5 2449663.3    18     43
 ICRF J171913.0+174506   1717+178 O       17 19 13.048474   17 45  6.43699   0.000065  0.00147        2448245.0 2447011.9 2449668.4    12    133
 ICRF J172341.0-650036   1718-649 D       17 23 41.029765  -65  0 36.61518   0.000092  0.00106   .239 2448652.1 2448111.4 2449408.1     5     21
 ICRF J172727.6+453039   1726+455 D2 1    17 27 27.650808   45 30 39.73139   0.000024  0.00026  -.127 2449590.3 2448721.4 2449918.3   128   4185
 ICRF J172818.6+501310   1727+502 D       17 28 18.623853   50 13 10.47001   0.000140  0.00098  -.188 2448540.6 2447460.3 2449577.4     9     39
 ICRF J172824.9+042704   1725+044 D2 1    17 28 24.952716    4 27  4.91401   0.000020  0.00041   .000 2449213.4 2447932.1 2449884.3    10    274
 ICRF J173302.7-130449   1730-130 O       17 33  2.705785  -13  4 49.54820   0.000089  0.00250        2447501.1 2445259.7 2449925.3   624  14448
 ICRF J173315.1-372232   1729-373 C       17 33 15.192721  -37 22 32.39565   0.000550  0.00354  -.335 2449651.3 2449651.3 2449651.3     1      2
 ICRF J173420.5+385751   1732+389 C       17 34 20.578531   38 57 51.44298   0.000023  0.00029  -.174 2448576.5 2446978.4 2449600.8    43    257
 ICRF J173549.0+504911   1734+508 C       17 35 49.005166   50 49 11.56586   0.000037  0.00042   .219 2449430.4 2449430.4 2449430.4     1     87
 ICRF J173735.7-563403   1733-565 C       17 37 35.770462  -56 34  3.15477   0.000665  0.00430   .887 2449174.0 2448388.9 2449331.0     2      6
 ICRF J173927.3+495503   1738+499 C       17 39 27.390512   49 55  3.36831   0.000039  0.00037  -.118 2449591.1 2449423.4 2449751.3     3     92
 ICRF J173957.1+473758   1738+476 C2 1    17 39 57.129064   47 37 58.36131   0.000031  0.00034   .176 2448365.0 2447289.2 2449849.3    13    135
 ICRF J174036.9+521143   1739+522 C2 1    17 40 36.977847   52 11 43.40753   0.000028  0.00026  -.104 2448846.9 2447166.3 2449910.1  1006  58894
 ICRF J174358.8-035004   1741-038 O1 1    17 43 58.856142  - 3 50  4.61667   0.000037  0.00084        2448671.8 2444774.3 2449925.3  1467  41345
 ICRF J174425.4-514443   1740-517 C       17 44 25.450704  -51 44 43.79284   0.000633  0.00373   .627 2448767.4 2448767.4 2448767.4     1      5
 ICRF J174535.2+172001   1743+173 D2 1    17 45 35.208181   17 20  1.42341   0.000018  0.00030  -.257 2449273.4 2446978.4 2449849.3    31    296
 ICRF J174614.0+622654   1745+624 D1 2    17 46 14.034146   62 26 54.73842   0.000038  0.00027  -.043 2449665.0 2448917.3 2449925.3    60   1609
 ICRF J174726.6+465850   1746+470 C       17 47 26.647300   46 58 50.92630   0.000036  0.00037  -.231 2449596.8 2449423.4 2449751.3     3     89
 ICRF J174832.8+700550   1749+701 D       17 48 32.840231   70  5 50.76882   0.000077  0.00037  -.025 2447325.9 2444204.2 2449925.3    16    210
 ICRF J175132.8+093900   1749+096 C1 1    17 51 32.818576    9 39  0.72846   0.000017  0.00026  -.436 2448924.3 2444447.5 2449925.3   825  20158
 ICRF J175151.2-252400   1748-253 C       17 51 51.263054  -25 24  0.06011   0.000470  0.00503   .230 2448802.8 2448111.4 2449099.1     2     10
 ICRF J175322.6+440945   1751+441 D       17 53 22.647901   44  9 45.68608   0.000032  0.00033   .169 2449016.3 2447932.1 2449534.3     6    144
 ICRF J175342.4+284804   1751+288 O2 1    17 53 42.473634   28 48  4.93913   0.000066  0.00147        2449206.8 2447006.3 2449849.3    22    244
 ICRF J180024.7+384830   1758+388 C       18  0 24.765360   38 48 30.69771   0.000024  0.00029  -.052 2449570.5 2449430.4 2449827.3     4    157
 ICRF J180045.6+782804   1803+784 C2 1 *  18  0 45.683911   78 28  4.01854   0.000087  0.00026  -.027 2447884.5 2445139.3 2449918.3  1620  68029
 ICRF J180132.3+440421   1800+440 D       18  1 32.314854   44  4 21.90031   0.000036  0.00046   .115 2448687.5 2448195.2 2449660.3     8     71
 ICRF J180323.4-650736   1758-651 D    *  18  3 23.496605  -65  7 36.76177   0.000085  0.00054   .081 2449241.9 2448044.3 2449896.1     4     29
 ICRF J180650.6+694928   1807+698 C       18  6 50.680653   69 49 28.10859   0.000052  0.00027   .032 2448182.3 2445998.3 2449883.3    50    423
 ICRF J180821.8+454220   1806+456 C       18  8 21.885910   45 42 20.86644   0.000034  0.00040  -.338 2449495.9 2449423.4 2449548.3     2     50
 ICRF J180957.8-455241   1806-458 C       18  9 57.871831  -45 52 41.01367   0.000485  0.00233  -.565 2449630.1 2449630.1 2449630.1     1      2
 ICRF J181935.0-634548   1814-637 C       18 19 35.002525  -63 45 48.19427   0.000794  0.00851  -.293 2449277.6 2448162.9 2449896.1     3     12
 ICRF J181945.3-552120   1815-553 O       18 19 45.399520  -55 21 20.74557   0.000198  0.00196        2448757.3 2447627.0 2449912.3    74    554
 ICRF J182057.8-252812   1817-254 C       18 20 57.848684  -25 28 12.58397   0.000119  0.00104  -.117 2449363.3 2448805.4 2449834.3     4     24
 ICRF J182314.1+793849   1826+796 O4 2    18 23 14.108739   79 38 49.00270   0.000383  0.00122        2449348.5 2447020.4 2449542.7    20    403
 ICRF J182402.8+104423   1821+107 C3 1    18 24  2.855269   10 44 23.77392   0.000020  0.00036  -.156 2448819.6 2445466.8 2449791.2    20    341
 ICRF J182407.0+565101   1823+568 D1 1 *  18 24  7.068372   56 51  1.49088   0.000033  0.00028  -.047 2448233.3 2445139.3 2449751.3    92    703
 ICRF J183250.1+283335   1830+285 D       18 32 50.185631   28 33 35.95530   0.000035  0.00065  -.283 2448735.3 2448358.3 2449660.3     7     50
 ICRF J183537.2-714958   1829-718 C       18 35 37.205091  -71 49 58.21900   0.001166  0.00475   .412 2448767.4 2448767.4 2448767.4     1      7
 ICRF J183728.7-710843   1831-711 C       18 37 28.714952  -71  8 43.55453   0.000064  0.00033  -.004 2448850.5 2447627.0 2449693.1    17    189
 ICRF J184208.9+794617   1845+797 D       18 42  8.989953   79 46 17.12801   0.000137  0.00036  -.399 2448611.0 2444204.2 2449660.3    15    161
 ICRF J184233.6+680925   1842+681 D2 1    18 42 33.641636   68  9 25.22788   0.000061  0.00034   .056 2448518.6 2447166.3 2449695.3     8    136
 ICRF J184916.0+670541   1849+670 D1 2    18 49 16.072300   67  5 41.67993   0.000048  0.00028  -.003 2449709.5 2448650.3 2449821.0     4    412
 ICRF J185457.2+735119   1856+737 D       18 54 57.299946   73 51 19.90747   0.000094  0.00043   .276 2448602.7 2447011.9 2449668.4     8    101
 ICRF J190255.9+315941   1901+319 O       19  2 55.938891   31 59 41.70211   0.000070  0.00114        2449073.3 2448104.0 2449757.3    19    190
 ICRF J191109.6-200655   1908-201 C       19 11  9.652867  -20  6 55.10860   0.000030  0.00091  -.623 2448874.7 2446841.3 2449791.2    41    153
 ICRF J191240.0-801005   1903-802 D       19 12 40.019176  -80 10  5.94627   0.000169  0.00041   .004 2448422.0 2447627.0 2448866.3     5     26
 ICRF J192332.1-210433   1920-211 C       19 23 32.189804  -21  4 33.33284   0.000024  0.00035  -.724 2448638.2 2447408.1 2449663.3    40     92
 ICRF J192451.0-291430   1921-293 O2 1    19 24 51.055959  -29 14 30.12084   0.000084  0.00217        2448425.6 2445259.7 2449918.3   899  15705
 ICRF J192559.6+210626   1923+210 C       19 25 59.605374   21  6 26.16209   0.000019  0.00028  -.197 2448373.3 2445139.3 2449663.3   109    665
 ICRF J192748.4+735801   1928+738 O       19 27 48.495214   73 58  1.56997   0.000181  0.00081        2448081.3 2444773.3 2449612.4   116    944
 ICRF J192840.8+084848   1926+087 C       19 28 40.855498    8 48 48.41260   0.000075  0.00258   .041 2449678.8 2449542.3 2449690.5     3     29
 ICRF J193006.1-605609   1925-610 C       19 30  6.160015  -60 56  9.18402   0.000082  0.00098  -.157 2448439.0 2447627.0 2449331.0     5     18
 ICRF J193124.9+224331   1929+226 C1 1    19 31 24.916786   22 43 31.25884   0.000029  0.00050  -.149 2449755.7 2448614.5 2449905.3     9    256
 ICRF J193435.0+104340   1932+106 C       19 34 35.025577   10 43 40.36503   0.000050  0.00173  -.310 2449690.5 2449690.5 2449690.5     1     22
 ICRF J193510.4+203154   1932+204 C1 1    19 35 10.472891   20 31 54.15344   0.000041  0.00137   .232 2449168.6 2448805.4 2449555.3     5     22
 ICRF J193716.2-395801   1933-400 C       19 37 16.217368  -39 58  1.55290   0.000034  0.00046  -.604 2448597.2 2447640.7 2449663.3    23     85
 ICRF J193925.0-634245   1934-638 C       19 39 25.026661  -63 42 45.62554   0.000430  0.00187  -.214 2448963.8 2448767.4 2449651.3     2      9
 ICRF J193926.6-152543   1936-155 C       19 39 26.657726  -15 25 43.05792   0.000029  0.00108  -.839 2448723.0 2447177.0 2449663.3    22     62
 ICRF J193957.2-100241   1937-101 C       19 39 57.256570  -10  2 41.52067   0.000027  0.00096  -.215 2449358.0 2448111.4 2449651.3     5     77
 ICRF J194025.5-690756   1935-692 O       19 40 25.528136  -69  7 56.97209   0.000340  0.00189        2448973.3 2447627.0 2449896.1    10     36
 ICRF J194121.7-621121   1936-623 C       19 41 21.768473  -62 11 21.05558   0.000753  0.00583  -.331 2448162.9 2448162.9 2448162.9     1      5
 ICRF J194606.2+230004   1943+228 C       19 46  6.251939   23  0  4.41107   0.000518  0.00620  -.408 2448861.5 2448798.3 2448920.4     3     10
 ICRF J195330.8+353759   1951+355 C2 1    19 53 30.875733   35 37 59.36071   0.000073  0.00207   .554 2449145.3 2448920.4 2449534.3     3     32
 ICRF J195510.7-611519   1950-613 O       19 55 10.770607  -61 15 19.14003   0.000792  0.00365        2449049.2 2448767.4 2449331.0     2     12
 ICRF J195542.7+513148   1954+513 D2 1    19 55 42.738273   51 31 48.54623   0.000028  0.00027   .001 2448837.1 2445776.3 2449821.0    41    673
 ICRF J195740.5+333827   1955+335 C    *  19 57 40.550036   33 38 27.94555   0.000099  0.00148  -.429 2449164.3 2449099.1 2449555.3     2     21
 ICRF J195759.8-384506   1954-388 D       19 57 59.819271  -38 45  6.35626   0.000025  0.00039   .103 2449775.9 2448767.4 2449918.3    13    257
 ICRF J200057.0-174857   1958-179 O1 1    20  0 57.090449  -17 48 57.67236   0.000069  0.00185        2449067.6 2446876.3 2449912.3   591   7567
 ICRF J200324.1-325145   2000-330 D       20  3 24.116306  -32 51 45.13231   0.000040  0.00068   .175 2448685.5 2447512.5 2449535.5    11     33
 ICRF J200530.9+775243   2007+777 O3 1    20  5 30.998513   77 52 43.24766   0.000146  0.00039        2449097.6 2445998.3 2449695.3   235  11430
 ICRF J200617.6+642445   2005+642 O       20  6 17.694616   64 24 45.41805   0.000133  0.00035        2449574.3 2449423.4 2449799.3     3     52
 ICRF J200744.9+402948   2005+403 O       20  7 44.944909   40 29 48.60472   0.000355  0.00489        2448064.5 2444774.3 2449668.4     8     46
 ICRF J200925.3-484953   2005-489 C    *  20  9 25.390729  -48 49 53.72128   0.000643  0.00737   .369 2448834.3 2447627.0 2449751.3     7     36
 ICRF J201114.2-064403   2008-068 D       20 11 14.215847  - 6 44  3.55519   0.000050  0.00063  -.838 2449069.1 2448346.5 2449663.3    13     29
 ICRF J201115.7-154640   2008-159 O       20 11 15.710887  -15 46 40.25296   0.000144  0.00507        2448226.1 2446841.3 2449663.3    35     83
 ICRF J201713.0+744047   2017+745 D2 1    20 17 13.079311   74 40 47.99991   0.000072  0.00028   .091 2449460.0 2447289.2 2449821.0    23    465
 ICRF J202206.6+613658   2021+614 O4 3    20 22  6.681695   61 36 58.80479   0.000123  0.00124        2449304.8 2447166.3 2449600.8    27    658
 ICRF J202319.0+315302   2021+317 D3 1    20 23 19.017351   31 53  2.30595   0.000022  0.00031   .091 2448564.1 2445776.3 2449612.4    22    215
 ICRF J202510.8+334300   2023+335 C3 3    20 25 10.842102   33 43  0.21600   0.000142  0.00193  -.454 2448977.0 2448224.2 2449668.4     4     27
 ICRF J203147.9+545503   2030+547 D       20 31 47.958562   54 55  3.14060   0.000042  0.00051   .080 2448616.9 2447024.2 2449660.3     7     86
 ICRF J203154.9+121941   2029+121 D3 1    20 31 54.994279   12 19 41.34043   0.000019  0.00034   .073 2448967.1 2447020.4 2449849.3    14    230
 ICRF J203837.0+511912   2037+511 D       20 38 37.034755   51 19 12.66269   0.000028  0.00027   .038 2447285.1 2445139.3 2449737.4   190   3063
 ICRF J204008.7-250746   2037-253 C       20 40  8.772845  -25  7 46.66253   0.000060  0.00056  -.420 2448666.6 2447686.6 2449651.3     3     18
 ICRF J205051.1+312727   2048+312 D       20 50 51.131502   31 27 27.37368   0.000108  0.00090   .151 2449098.8 2448195.2 2449690.5     6     34
 ICRF J205133.7+744140   2051+745 D       20 51 33.734576   74 41 40.49823   0.000110  0.00038  -.491 2448765.5 2447011.9 2449555.3    20     73
 ICRF J205616.3-471447   2052-474 D       20 56 16.359851  -47 14 47.62768   0.000033  0.00043  -.139 2449286.2 2448162.9 2449912.3    15    104
 ICRF J205741.6-373402   2054-377 C       20 57 41.603472  -37 34  2.98978   0.000258  0.00195  -.426 2449090.0 2448162.9 2449399.0     2     12
 ICRF J210138.8+034131   2059+034 D2 1    21  1 38.834187    3 41 31.32159   0.000026  0.00058  -.033 2448630.2 2448435.2 2449534.3     4     74
 ICRF J210159.1-421916   2058-425 C       21  1 59.114188  -42 19 16.16206   0.000936  0.00935   .669 2449018.1 2448162.9 2449896.1     4     11
 ICRF J210217.0+470216   2100+468 C    *  21  2 17.056050   47  2 16.25468   0.000181  0.00193   .186 2449467.7 2449178.3 2449690.5     3     10
 ICRF J210544.9-782534   2059-786 D       21  5 44.961453  -78 25 34.54664   0.000205  0.00058   .030 2448785.3 2447627.0 2449896.1     7     24
 ICRF J210933.1-411020   2106-413 D       21  9 33.188582  -41 10 20.60530   0.000032  0.00042  -.221 2448704.2 2447627.0 2449663.3    17     72
 ICRF J211529.4+293338   2113+293 D1 1    21 15 29.413455   29 33 38.36694   0.000020  0.00028  -.027 2448852.6 2446978.4 2449821.0    37    641
 ICRF J211630.8-805355   2109-811 D       21 16 30.845958  -80 53 55.22339   0.000180  0.00039  -.020 2449328.8 2448044.3 2449896.1     9     66
 ICRF J211810.5-301911   2115-305 C       21 18 10.597647  -30 19 11.60596   0.000236  0.00247  -.741 2448904.6 2448162.9 2449399.0     2      5
 ICRF J212344.5+053522   2121+053 O2 1    21 23 44.517381    5 35 22.09321   0.000063  0.00110        2447949.0 2444774.3 2449910.1   657  18823
 ICRF J212912.1-153841   2126-158 C       21 29 12.175895  -15 38 41.04054   0.000020  0.00033  -.242 2449109.9 2447177.0 2449884.3    44    163
 ICRF J213032.8+050217   2128+048 O       21 30 32.877495    5  2 17.47450   0.000268  0.00328        2448208.9 2447289.2 2449555.3    22     79
 ICRF J213135.2-120704   2128-123 O3 2 *  21 31 35.261752  -12  7  4.79583   0.000068  0.00168        2448887.4 2445466.8 2449925.3   462   4897
 ICRF J213410.3-015317   2131-021 C2 1    21 34 10.309614  - 1 53 17.23883   0.000018  0.00030  -.537 2448519.5 2447177.0 2449737.4    56    195
 ICRF J213638.5+004154   2134+004 O4 1    21 36 38.586304    0 41 54.21353   0.000115  0.00333        2446732.3 2444091.0 2449898.3   884  18282
 ICRF J213901.3+142335   2136+141 D1 1    21 39  1.309267   14 23 35.99199   0.000018  0.00029  -.042 2448862.3 2445466.8 2449849.3    22    351
 ICRF J214622.9-152543   2143-156 D       21 46 22.979340  -15 25 43.88526   0.000028  0.00044  -.770 2448855.1 2448197.3 2449566.4    14     24
 ICRF J214710.1+092946   2144+092 C       21 47 10.162975    9 29 46.67236   0.000020  0.00032  -.284 2447658.6 2445998.3 2449849.3    23    321
 ICRF J214712.7-753613   2142-758 C       21 47 12.730293  -75 36 13.22513   0.000192  0.00060   .280 2448290.1 2447627.0 2448750.1     4     14
 ICRF J214805.4+065738   2145+067 D2 2    21 48  5.458679    6 57 38.60422   0.000023  0.00026   .000 2448940.2 2444774.3 2449925.3  1087  33641
 ICRF J215137.8+055212   2149+056 C       21 51 37.875502    5 52 12.95459   0.000021  0.00034  -.662 2448378.3 2445466.8 2449663.3    23    125
 ICRF J215155.5-302753   2149-307 O       21 51 55.524002  -30 27 53.69786   0.000078  0.00154        2448434.6 2447640.7 2449021.0    12     61
 ICRF J215203.1-780706   2146-783 D       21 52  3.154504  -78  7  6.63962   0.000221  0.00063   .316 2448577.8 2447627.0 2449331.0     7     29
 ICRF J215224.8+173437   2150+173 D2 2    21 52 24.819405   17 34 37.79482   0.000020  0.00039  -.028 2448517.1 2447006.3 2449457.3    23    150
 ICRF J215705.9-694123   2152-699 C       21 57  5.980566  -69 41 23.68553   0.000212  0.00132   .780 2448509.5 2448111.4 2449331.0     3     11
 ICRF J215806.2-150109   2155-152 O       21 58  6.281926  -15  1  9.32725   0.000186  0.00303        2447917.7 2446836.3 2449600.8    37    130
 ICRF J215852.0-301332   2155-304 C       21 58 52.065068  -30 13 32.11840   0.000354  0.00191  -.376 2449254.1 2448767.4 2449896.1     3     14
 ICRF J220243.2+421639   2200+420 O3 1 *  22  2 43.291381   42 16 39.97998   0.000066  0.00087        2446736.7 2444091.0 2449884.3   839  21824
 ICRF J220314.9+314538   2201+315 O3 1 *  22  3 14.975796   31 45 38.27004   0.000034  0.00053        2449110.7 2445493.1 2449884.3   188   7996
 ICRF J220743.7-534633   2204-540 D       22  7 43.733296  -53 46 33.82004   0.000045  0.00056   .016 2448787.0 2448111.4 2449791.2     6     27
 ICRF J221205.9+235540   2209+236 D       22 12  5.966318   23 55 40.54388   0.000023  0.00039  -.031 2448675.0 2448195.2 2449849.3     9    141
 ICRF J221302.4-252930   2210-257 C       22 13  2.498009  -25 29 30.08140   0.000084  0.00201  -.400 2448702.1 2446876.3 2449695.3     3     13
 ICRF J221438.5-383545   2211-388 C       22 14 38.569326  -38 35 45.01022   0.000564  0.00353   .160 2449128.3 2448767.4 2449399.0     2      7
 ICRF J221620.0+351814   2214+350 C       22 16 20.009936   35 18 14.18072   0.000051  0.00080  -.197 2449751.3 2449751.3 2449751.3     1     28
 ICRF J221852.0-033536   2216-038 O3 1 *  22 18 52.037725  - 3 35 36.87944   0.000056  0.00152        2447625.0 2444774.3 2449849.3   449   9472
 ICRF J222547.2-045701   2223-052 C       22 25 47.259294  - 4 57  1.39048   0.000019  0.00061  -.646 2448183.5 2444774.3 2449737.4    34    111
 ICRF J222940.0-083254   2227-088 C1 1    22 29 40.084339  - 8 32 54.43530   0.000018  0.00062  -.309 2449215.7 2445466.8 2449821.0    37    208
 ICRF J223036.4+694628   2229+695 D       22 30 36.469725   69 46 28.07698   0.000071  0.00034   .161 2448418.5 2447460.3 2449600.8    16     95
 ICRF J223040.2-394252   2227-399 C       22 30 40.278611  -39 42 52.06692   0.000053  0.00106   .510 2448897.4 2448162.9 2449896.1     4     16
 ICRF J223236.4+114350   2230+114 O4 2    22 32 36.408913   11 43 50.90434   0.000079  0.00202        2448001.1 2445998.3 2449663.3   165   1315
 ICRF J223513.2-483558   2232-488 D       22 35 13.236524  -48 35 58.79455   0.000049  0.00065   .394 2449224.0 2448162.9 2449742.2     6     30
 ICRF J223622.4+282857   2234+282 C2 1    22 36 22.470868   28 28 57.41338   0.000019  0.00026   .100 2448611.7 2445726.3 2449925.3  1125  34156
 ICRF J223634.0-143322   2233-148 C       22 36 34.087158  -14 33 22.18931   0.000055  0.00062  -.694 2448636.6 2447177.0 2449663.3    16     32
 ICRF J224618.2-120651   2243-123 O       22 46 18.231969  -12  6 51.27684   0.000051  0.00124        2449115.5 2444774.3 2449925.3   133    930
 ICRF J224838.6-323552   2245-328 C       22 48 38.685719  -32 35 52.18748   0.000073  0.00161  -.795 2448729.4 2447394.6 2449663.3    26     85
 ICRF J225357.7+160853   2251+158 O    *  22 53 57.747938   16  8 53.56088   0.000079  0.00137        2446700.6 2444091.0 2449849.3  1121  30988
 ICRF J225504.2-084404   2252-090 C3 3    22 55  4.239777  - 8 44  4.02151   0.000057  0.00234  -.619 2449611.3 2447394.6 2449821.0    17    137
 ICRF J225536.7+420252   2253+417 C       22 55 36.707842   42  2 52.53256   0.000027  0.00031  -.146 2448127.8 2447006.3 2449663.3    46    266
 ICRF J225717.3+074312   2254+074 D       22 57 17.303120    7 43 12.30284   0.000023  0.00052  -.519 2448052.5 2447011.9 2449737.4    26    139
 ICRF J225717.5+024317   2254+024 C1 1    22 57 17.563086    2 43 17.51193   0.000022  0.00050  -.679 2448810.4 2447394.6 2449849.3    22    122
 ICRF J225805.9-275821   2255-282 O1 2    22 58  5.962888  -27 58 21.25659   0.000088  0.00240        2448870.4 2446876.3 2449912.3   662   7579
 ICRF J230223.8-371806   2259-375 C       23  2 23.888469  -37 18  6.84027   0.008831  0.06321  -.434 2448747.0 2448162.9 2449331.0     2      2
 ICRF J230305.8-303011   2300-307 C       23  3  5.821287  -30 30 11.47289   0.021640  0.03255   .246 2448369.0 2448111.4 2449399.0     2      5
 ICRF J230343.5-680737   2300-683 C    *  23  3 43.565673  -68  7 37.45706   0.035391  0.45061  -.999 2449651.3 2449651.3 2449651.3     1      1
 ICRF J231409.3-445549   2311-452 C       23 14  9.382823  -44 55 49.23782   0.000320  0.00259   .111 2448863.8 2448162.9 2449331.0     2     10
 ICRF J231448.5-313839   2312-319 D       23 14 48.500631  -31 38 39.52651   0.000050  0.00103   .340 2448251.2 2447511.6 2449896.1     6     27
 ICRF J232044.8+051349   2318+049 C       23 20 44.856618    5 13 49.95245   0.000019  0.00032  -.606 2448447.2 2447020.4 2449668.4    35    166
 ICRF J232159.8+273246   2319+272 D3 1    23 21 59.862235   27 32 46.44343   0.000021  0.00033   .020 2449198.2 2447024.2 2449821.0    21    321
 ICRF J232225.9+505751   2320+506 D3 1    23 22 25.982159   50 57 51.96371   0.000041  0.00044  -.011 2449022.0 2448721.4 2449499.3     2     44
 ICRF J232331.9-031705   2320-035 C       23 23 31.953753  - 3 17  5.02363   0.000018  0.00040  -.552 2448886.7 2447394.6 2449737.4    54    193
 ICRF J232747.9-144755   2325-150 C       23 27 47.964255  -14 47 55.75021   0.000051  0.00102   .302 2448034.7 2447177.0 2449535.5     2     11
 ICRF J232917.7-473019   2326-477 D       23 29 17.704369  -47 30 19.11519   0.000039  0.00053   .264 2448341.9 2447306.3 2449630.1    31    138
 ICRF J233040.8+110018   2328+107 C       23 30 40.852252   11  0 18.70971   0.000020  0.00032  -.498 2448251.4 2446978.4 2449612.4    27    157
 ICRF J233138.6-155657   2329-162 D       23 31 38.652436  -15 56 57.00952   0.000039  0.00051   .012 2448859.5 2447177.0 2449651.3     2     25
 ICRF J233159.4-381147   2329-384 D       23 31 59.476115  -38 11 47.65053   0.000042  0.00066   .095 2448273.9 2447640.7 2449896.1     5     22
 ICRF J233355.2-234340   2331-240 C       23 33 55.237802  -23 43 40.65782   0.000080  0.00233  -.773 2448804.3 2446876.3 2449399.0    25     67
 ICRF J233612.1-523621   2333-528 C       23 36 12.144624  -52 36 21.94997   0.000534  0.00372   .468 2448580.1 2448111.4 2449574.1     3      9
 ICRF J233757.3-023057   2335-027 C3 1    23 37 57.339083  - 2 30 57.62923   0.000096  0.00784  -.716 2448730.4 2447941.8 2449600.8    24     40
 ICRF J234029.0+264156   2337+264 O4 3 *  23 40 29.029471   26 41 56.80428   0.000095  0.00106        2449388.9 2448358.3 2449849.3    10    363
 ICRF J234636.8+093045   2344+092 C       23 46 36.838560    9 30 45.51493   0.000020  0.00032  -.458 2448574.1 2447289.2 2449668.4    25    122
 ICRF J234802.6-163112   2345-167 O       23 48  2.608517  -16 31 12.02167   0.000139  0.00287        2447713.4 2446441.4 2449663.3   153    849
 ICRF J235421.6+455304   2351+456 O    *  23 54 21.680275   45 53  4.23669   0.000096  0.00127        2448370.6 2447011.9 2449663.3    29    172
 ICRF J235430.1-151311   2351-154 C       23 54 30.195186  -15 13 11.21285   0.000103  0.00538  -.675 2448664.7 2447394.6 2449695.3    31     62
 ICRF J235509.4+495008   2352+495 O       23 55  9.458164   49 50  8.34014   0.000208  0.00262        2448116.8 2447020.4 2449660.3    14    140
 ICRF J235600.6-682003   2353-686 C       23 56  0.681458  -68 20  3.47158   0.000103  0.00056  -.012 2448561.2 2448162.9 2448757.9     3     17
 ICRF J235753.2-531113   2355-534 C       23 57 53.266123  -53 11 13.68933   0.000040  0.00048   .180 2448517.3 2447627.0 2449791.2    18     81
 ICRF J235810.8-102008   2355-106 C       23 58 10.882414  -10 20  8.61132   0.000018  0.00028  -.261 2448849.3 2447394.6 2449884.3   134    616
 ICRF J235933.1+385042   2356+385 C       23 59 33.180777   38 50 42.31796   0.000085  0.00144  -.282 2449520.3 2449520.3 2449520.3     1      4
